t,Dn,Dm,Dx,Sn,Sm,Sx,Ta,Ua,Pa,Rc,Rd,Ri
0,271.0,275.0,280.0,1.7,1.9,2.2,6.9,70.4,958.4,530.86,35770.0,0.0
59,275.0,280.0,283.0,1.8,1.9,2.0,6.9,70.0,958.4,530.86,35770.0,0.0
119,281.0,285.0,288.0,1.7,1.9,2.1,6.9,70.3,958.4,530.86,35770.0,0.0
179,286.0,288.0,290.0,1.8,1.9,2.0,6.9,70.3,958.4,530.86,35770.0,0.0
239,288.0,295.0,303.0,1.5,1.7,2.0,6.9,69.9,958.4,530.86,35770.0,0.0
299,295.0,300.0,307.0,1.4,1.6,1.9,6.9,70.2,958.4,530.86,35770.0,0.0
359,298.0,303.0,307.0,1.5,1.6,1.7,6.9,69.8,958.5,530.86,35770.0,0.0
419,297.0,306.0,312.0,1.3,1.4,1.5,7.0,70.0,958.5,530.86,35770.0,0.0
479,309.0,312.0,317.0,1.3,1.4,1.5,7.0,70.0,958.5,530.86,35770.0,0.0
539,304.0,312.0,321.0,1.3,1.5,1.6,7.0,70.0,958.4,530.86,35770.0,0.0
599,307.0,309.0,314.0,1.3,1.5,1.6,7.0,69.9,958.5,530.86,35770.0,0.0
659,309.0,314.0,324.0,1.2,1.4,1.4,6.9,70.0,958.4,530.86,35770.0,0.0
719,309.0,311.0,313.0,1.3,1.4,1.4,7.0,69.9,958.5,530.86,35770.0,0.0
779,302.0,308.0,325.0,1.1,1.3,1.4,7.0,69.5,958.5,530.86,35770.0,0.0
839,300.0,304.0,307.0,1.4,1.5,1.6,7.0,69.8,958.5,530.86,35770.0,0.0
899,310.0,315.0,323.0,1.2,1.4,1.6,6.8,69.9,958.4,530.86,35770.0,0.0
959,312.0,321.0,324.0,1.2,1.3,1.4,7.0,69.5,958.5,530.86,35770.0,0.0
1019,312.0,316.0,318.0,1.3,1.4,1.5,7.0,69.5,958.4,530.86,35770.0,0.0
1079,318.0,335.0,348.0,1.2,1.3,1.5,7.0,69.6,958.4,530.86,35770.0,0.0
1139,312.0,325.0,339.0,1.3,1.5,1.8,7.0,69.6,958.5,530.86,35770.0,0.0
1199,314.0,318.0,323.0,1.5,1.5,1.6,6.9,69.7,958.4,530.86,35770.0,0.0
1259,326.0,332.0,337.0,1.4,1.5,1.6,7.0,69.3,958.4,530.86,35770.0,0.0
1319,319.0,332.0,353.0,1.4,1.6,2.0,6.9,69.3,958.4,530.86,35770.0,0.0
1379,323.0,341.0,355.0,0.9,1.2,1.5,7.0,69.3,958.4,530.86,35770.0,0.0
1439,320.0,331.0,350.0,1.2,1.3,1.4,6.9,69.0,958.4,530.86,35770.0,0.0
1499,323.0,336.0,351.0,1.1,1.3,1.5,6.9,69.6,958.4,530.86,35770.0,0.0
1559,7.0,335.0,317.0,0.8,0.9,1.1,6.8,69.3,958.4,530.86,35770.0,0.0
1619,330.0,345.0,357.0,0.5,0.9,1.1,6.9,69.1,958.4,530.86,35770.0,0.0
1679,11.0,338.0,322.0,0.6,0.8,0.8,6.9,68.9,958.4,530.86,35770.0,0.0
1739,320.0,333.0,344.0,0.8,1.0,1.1,6.9,69.1,958.4,530.86,35770.0,0.0
1799,313.0,325.0,336.0,0.9,1.1,1.3,6.9,69.1,958.4,530.86,35770.0,0.0
1859,288.0,313.0,336.0,1.0,1.2,1.5,7.0,69.4,958.4,530.86,35770.0,0.0
1919,304.0,311.0,320.0,1.2,1.4,1.6,7.0,68.9,958.4,530.86,35770.0,0.0
1979,303.0,313.0,325.0,1.1,1.3,1.5,7.0,68.9,958.4,530.86,35770.0,0.0
2039,298.0,305.0,313.0,1.4,1.5,1.7,7.1,68.7,958.5,530.86,35770.0,0.0
2099,289.0,303.0,314.0,1.4,1.5,1.7,7.0,68.4,958.5,530.86,35770.0,0.0
2159,300.0,307.0,313.0,1.9,2.1,2.3,7.1,68.7,958.5,530.86,35770.0,0.0
2219,298.0,305.0,311.0,2.3,2.5,2.7,7.1,68.9,958.5,530.86,35770.0,0.0
2279,291.0,297.0,307.0,1.8,2.1,2.4,7.0,68.6,958.5,530.86,35770.0,0.0
2339,286.0,290.0,296.0,2.1,2.2,2.3,7.1,68.8,958.5,530.86,35770.0,0.0
2399,281.0,284.0,289.0,2.3,2.4,2.6,7.1,68.4,958.5,530.86,35770.0,0.0
2459,285.0,289.0,293.0,2.3,2.5,2.7,7.0,68.5,958.5,530.86,35770.0,0.0
2519,294.0,302.0,309.0,1.9,2.1,2.2,7.1,69.7,958.6,530.86,35770.0,0.0
2579,318.0,324.0,327.0,1.9,2.0,2.0,7.0,70.2,958.6,530.86,35770.0,0.0
2639,321.0,332.0,342.0,1.7,2.3,2.8,7.1,69.5,958.6,530.86,35770.0,0.0
2699,320.0,323.0,327.0,2.1,2.2,2.4,7.1,68.7,958.6,530.86,35770.0,0.0
2759,326.0,333.0,338.0,2.6,2.7,2.9,7.1,69.4,958.6,530.86,35770.0,0.0
2819,303.0,307.0,315.0,3.2,3.4,3.6,7.1,69.2,958.7,530.86,35770.0,0.0
2879,307.0,311.0,315.0,3.0,3.1,3.3,7.0,68.9,958.7,530.86,35770.0,0.0
2939,296.0,300.0,305.0,2.5,2.8,3.0,7.0,70.6,958.7,530.86,35770.0,0.0
2999,299.0,305.0,312.0,1.6,1.7,2.0,7.0,70.0,958.7,530.86,35770.0,0.0
3059,316.0,323.0,330.0,1.2,1.3,1.6,7.0,69.9,958.7,530.86,35770.0,0.0
3119,306.0,310.0,314.0,1.7,1.9,2.0,7.0,69.5,958.7,530.86,35770.0,0.0
3179,317.0,328.0,335.0,1.5,1.6,1.8,6.9,69.0,958.7,530.86,35770.0,0.0
3239,325.0,334.0,340.0,1.2,1.2,1.3,7.0,69.3,958.7,530.86,35770.0,0.0
3299,310.0,324.0,335.0,1.1,1.4,1.6,7.0,69.0,958.7,530.86,35770.0,0.0
3359,307.0,312.0,317.0,1.4,1.6,1.8,7.0,68.9,958.7,530.86,35770.0,0.0
3419,310.0,313.0,316.0,1.4,1.5,1.6,7.0,68.8,958.7,530.86,35770.0,0.0
3479,306.0,310.0,314.0,1.4,1.5,1.6,6.9,69.0,958.7,530.86,35770.0,0.0
3539,305.0,309.0,312.0,1.4,1.6,1.7,7.0,68.4,958.7,530.86,35770.0,0.0
3599,307.0,310.0,311.0,1.5,1.6,1.7,7.0,68.1,958.7,530.86,35770.0,0.0
3659,311.0,318.0,323.0,1.3,1.5,1.8,7.0,68.2,958.7,530.86,35770.0,0.0
3719,303.0,310.0,316.0,1.6,1.7,1.8,7.0,67.6,958.7,530.86,35770.0,0.0
3779,304.0,307.0,310.0,1.9,1.9,2.0,7.0,67.9,958.7,530.86,35770.0,0.0
3839,321.0,326.0,333.0,1.5,1.6,1.8,7.0,68.3,958.7,530.86,35770.0,0.0
3899,309.0,311.0,317.0,2.3,2.4,2.7,6.9,69.6,958.7,530.86,35770.0,0.0
3959,300.0,306.0,312.0,1.4,1.5,1.8,7.1,69.3,958.7,530.86,35770.0,0.0
4019,309.0,315.0,325.0,1.7,1.9,2.0,7.0,68.9,958.6,530.86,35770.0,0.0
4079,293.0,300.0,307.0,1.6,1.8,1.9,7.1,68.5,958.7,530.86,35770.0,0.0
4139,306.0,310.0,314.0,1.6,1.6,1.8,7.0,67.9,958.7,530.86,35770.0,0.0
4199,290.0,293.0,296.0,1.6,1.7,1.8,7.1,68.0,958.6,530.86,35770.0,0.0
4259,273.0,280.0,286.0,1.5,1.7,1.8,7.1,67.9,958.5,530.86,35770.0,0.0
4319,272.0,274.0,278.0,1.6,1.8,1.9,7.0,68.1,958.5,530.86,35770.0,0.0
4379,278.0,278.0,279.0,1.7,1.8,1.9,7.1,67.8,958.5,530.86,35770.0,0.0
4439,273.0,277.0,280.0,2.0,2.1,2.2,7.0,67.5,958.5,530.86,35770.0,0.0
4499,277.0,278.0,280.0,1.8,2.0,2.0,7.1,68.1,958.5,530.86,35770.0,0.0
4559,273.0,276.0,280.0,1.7,2.0,2.2,7.0,69.0,958.5,530.86,35770.0,0.0
4619,273.0,277.0,281.0,1.7,1.8,1.9,7.1,68.9,958.5,530.86,35770.0,0.0
4679,273.0,277.0,288.0,1.6,1.8,2.0,7.1,68.5,958.5,530.86,35770.0,0.0
4739,280.0,282.0,285.0,1.9,1.9,2.0,7.0,68.5,958.5,530.86,35770.0,0.0
4799,277.0,281.0,286.0,1.7,2.1,2.3,7.1,68.7,958.5,530.86,35770.0,0.0
4859,270.0,276.0,280.0,1.5,1.8,1.9,7.0,69.6,958.5,530.86,35770.0,0.0
4919,272.0,277.0,282.0,1.4,1.6,1.7,7.1,68.9,958.5,530.86,35770.0,0.0
4979,274.0,280.0,286.0,1.3,1.5,1.7,7.1,69.0,958.5,530.86,35770.0,0.0
5039,276.0,278.0,280.0,1.6,1.7,1.8,7.1,69.1,958.5,530.86,35770.0,0.0
5099,279.0,282.0,285.0,1.5,1.6,1.7,7.1,69.4,958.5,530.86,35770.0,0.0
5159,276.0,278.0,280.0,1.6,1.6,1.8,7.3,69.2,958.4,530.86,35770.0,0.0
5219,278.0,280.0,284.0,1.6,1.7,1.8,7.1,69.0,958.5,530.86,35770.0,0.0
5279,274.0,278.0,283.0,1.7,1.8,1.9,7.0,68.5,958.5,530.86,35770.0,0.0
5339,267.0,270.0,274.0,1.3,1.6,1.8,7.1,68.7,958.5,530.86,35770.0,0.0
5399,267.0,269.0,273.0,1.5,1.6,1.7,7.0,68.2,958.5,530.86,35770.0,0.0
5459,269.0,273.0,279.0,1.6,1.7,1.7,7.1,68.6,958.5,530.86,35770.0,0.0
5519,273.0,276.0,279.0,1.6,1.6,1.7,7.0,68.5,958.5,530.86,35770.0,0.0
5579,277.0,279.0,284.0,1.5,1.6,1.9,7.1,68.7,958.5,530.86,35770.0,0.0
5639,277.0,282.0,292.0,1.5,1.7,1.8,7.1,68.5,958.5,530.86,35770.0,0.0
5699,280.0,285.0,288.0,1.5,1.7,1.8,7.0,68.8,958.5,530.86,35770.0,0.0
5759,278.0,280.0,282.0,1.3,1.4,1.5,7.1,68.8,958.4,530.86,35770.0,0.0
5819,282.0,284.0,291.0,1.2,1.2,1.3,7.0,69.4,958.5,530.86,35770.0,0.0
5879,288.0,293.0,299.0,1.2,1.2,1.3,7.1,68.4,958.5,530.86,35770.0,0.0
5939,290.0,294.0,302.0,1.1,1.3,1.3,7.0,68.6,958.5,530.86,35770.0,0.0
5999,285.0,289.0,296.0,1.2,1.3,1.4,7.1,68.6,958.5,530.86,35770.0,0.0
6059,282.0,287.0,294.0,1.3,1.5,1.6,7.0,69.4,958.4,530.86,35770.0,0.0
6119,289.0,292.0,295.0,1.5,1.6,1.7,7.1,69.7,958.4,530.86,35770.0,0.0
6179,291.0,294.0,298.0,1.6,1.7,1.7,7.1,69.6,958.5,530.86,35780.0,0.0
6239,297.0,299.0,305.0,1.5,1.6,1.7,7.1,68.9,958.5,530.86,35780.0,0.0
6299,299.0,302.0,307.0,1.4,1.5,1.7,7.1,69.0,958.5,530.86,35780.0,0.0
6359,296.0,299.0,303.0,1.5,1.6,1.7,7.0,68.7,958.5,530.86,35780.0,0.0
6419,290.0,294.0,301.0,1.3,1.4,1.5,7.1,68.9,958.4,530.86,35780.0,0.0
6479,300.0,303.0,311.0,1.4,1.4,1.5,7.1,68.7,958.3,530.86,35780.0,0.0
6539,309.0,311.0,314.0,1.4,1.5,1.6,7.1,68.9,958.4,530.86,35780.0,0.0
6599,314.0,318.0,322.0,1.5,1.5,1.6,7.1,69.0,958.4,530.86,35780.0,0.0
6659,315.0,318.0,324.0,1.6,1.7,1.8,6.9,69.3,958.3,530.86,35780.0,0.0
6719,317.0,324.0,326.0,1.5,1.6,1.6,7.1,70.1,958.3,530.86,35780.0,0.0
6779,319.0,321.0,324.0,1.8,1.9,1.9,7.0,69.8,958.3,530.86,35780.0,0.0
6839,333.0,337.0,342.0,1.6,1.7,1.8,7.1,69.7,958.3,530.86,35780.0,0.0
6899,319.0,326.0,330.0,1.6,1.7,1.8,7.0,70.9,958.3,530.86,35780.0,0.0
6959,316.0,323.0,327.0,1.6,1.8,1.9,7.1,71.5,958.3,530.86,35780.0,0.0
7019,322.0,326.0,339.0,1.7,1.8,1.9,7.1,71.1,958.3,530.86,35780.0,0.0
7079,315.0,321.0,331.0,1.7,1.8,2.0,7.1,70.6,958.3,530.86,35780.0,0.0
7139,308.0,313.0,319.0,1.4,1.6,1.8,7.1,69.9,958.4,530.86,35780.0,0.0
7199,295.0,297.0,303.0,1.7,1.9,2.0,7.0,69.5,958.4,530.86,35780.0,0.0
7259,289.0,292.0,299.0,1.7,1.9,2.0,7.0,69.9,958.3,530.86,35780.0,0.0
7319,289.0,303.0,316.0,1.4,1.5,1.8,6.9,70.3,958.3,530.86,35780.0,0.0
7379,314.0,319.0,325.0,1.5,1.7,1.9,7.0,70.6,958.3,530.86,35780.0,0.0
7439,286.0,299.0,305.0,1.7,1.8,2.0,7.0,70.0,958.3,530.86,35780.0,0.0
7499,309.0,316.0,322.0,1.6,1.8,2.0,7.0,70.1,958.3,530.86,35780.0,0.0
7559,316.0,322.0,325.0,1.8,1.9,2.0,7.0,69.0,958.3,530.86,35780.0,0.0
7619,319.0,325.0,335.0,1.5,1.7,1.9,6.9,68.9,958.3,530.86,35780.0,0.0
7679,302.0,307.0,310.0,2.1,2.2,2.3,7.0,69.4,958.2,530.86,35780.0,0.0
7739,311.0,316.0,324.0,2.0,2.1,2.2,7.0,69.6,958.3,530.86,35780.0,0.0
7799,298.0,302.0,306.0,1.6,1.8,1.9,6.9,70.2,958.3,530.86,35780.0,0.0
7859,314.0,320.0,331.0,2.0,2.1,2.2,7.0,69.7,958.3,530.86,35780.0,0.0
7919,312.0,316.0,324.0,1.6,1.8,1.9,6.9,70.1,958.2,530.86,35780.0,0.0
7979,316.0,323.0,329.0,1.5,2.0,2.1,7.0,70.1,958.2,530.86,35780.0,0.0
8039,309.0,314.0,319.0,1.8,1.9,2.0,6.9,69.7,958.2,530.86,35780.0,0.0
8099,310.0,313.0,316.0,1.7,1.8,2.0,7.0,70.3,958.2,530.86,35780.0,0.0
8159,311.0,315.0,318.0,1.7,1.8,1.9,7.0,69.9,958.2,530.86,35780.0,0.0
8219,306.0,309.0,314.0,1.8,2.0,2.1,6.9,70.1,958.2,530.86,35780.0,0.0
8279,294.0,298.0,301.0,2.1,2.2,2.2,6.9,70.1,958.2,530.86,35780.0,0.0
8339,302.0,306.0,312.0,2.0,2.1,2.2,6.9,69.7,958.2,530.86,35780.0,0.0
8399,303.0,308.0,313.0,1.6,1.8,1.9,6.9,70.2,958.2,530.86,35780.0,0.0
8459,315.0,317.0,320.0,1.8,1.9,1.9,6.9,70.2,958.2,530.86,35780.0,0.0
8519,317.0,323.0,334.0,1.6,1.8,1.9,6.8,70.4,958.2,530.86,35780.0,0.0
8579,312.0,314.0,316.0,1.6,1.7,1.7,6.9,70.1,958.2,530.86,35780.0,0.0
8639,307.0,309.0,311.0,1.8,1.9,1.9,6.7,70.4,958.1,530.86,35780.0,0.0
8699,308.0,310.0,312.0,1.9,2.0,2.1,6.8,70.0,958.1,530.86,35780.0,0.0
8759,306.0,310.0,314.0,1.8,2.0,2.1,6.9,69.9,958.2,530.86,35780.0,0.0
8819,301.0,303.0,306.0,2.0,2.1,2.1,6.8,69.6,958.2,530.86,35780.0,0.0
8879,302.0,304.0,308.0,1.8,1.9,2.0,6.9,70.1,958.2,530.86,35780.0,0.0
8939,303.0,307.0,310.0,1.7,1.8,1.9,6.9,70.0,958.1,530.86,35780.0,0.0
8999,301.0,306.0,311.0,1.8,1.8,2.0,6.8,70.1,958.1,530.86,35780.0,0.0
9059,303.0,308.0,311.0,1.7,1.8,1.9,6.9,70.1,958.1,530.86,35780.0,0.0
9119,305.0,309.0,314.0,1.3,1.6,1.7,6.8,70.1,958.1,530.86,35780.0,0.0
9179,307.0,309.0,312.0,1.8,1.8,1.9,6.9,70.3,958.1,530.86,35780.0,0.0
9239,304.0,308.0,313.0,1.6,1.7,1.8,6.7,70.4,958.1,530.86,35780.0,0.0
9299,309.0,314.0,318.0,1.5,1.7,1.8,6.9,70.4,958.1,530.86,35780.0,0.0
9359,307.0,310.0,313.0,1.4,1.5,1.6,6.9,70.0,958.1,530.86,35780.0,0.0
9419,308.0,313.0,316.0,1.2,1.3,1.5,6.7,70.5,958.1,530.86,35780.0,0.0
9479,308.0,313.0,319.0,1.3,1.3,1.4,6.9,69.8,958.1,530.86,35780.0,0.0
9539,308.0,310.0,312.0,1.4,1.5,1.6,6.9,69.4,958.1,530.86,35780.0,0.0
9599,309.0,312.0,314.0,1.4,1.5,1.6,6.9,69.4,958.1,530.86,35780.0,0.0
9659,302.0,304.0,305.0,1.5,1.6,1.6,6.9,69.2,958.2,530.86,35780.0,0.0
9719,303.0,305.0,306.0,1.5,1.5,1.6,6.9,69.4,958.2,530.86,35780.0,0.0
9779,301.0,303.0,307.0,1.5,1.6,1.6,7.0,69.4,958.2,530.86,35780.0,0.0
9839,302.0,306.0,309.0,1.5,1.6,1.6,6.8,69.5,958.1,530.86,35780.0,0.0
9899,305.0,307.0,312.0,1.4,1.4,1.5,7.0,69.1,958.2,530.86,35780.0,0.0
9959,303.0,305.0,307.0,1.5,1.6,1.6,7.0,69.5,958.1,530.86,35780.0,0.0
10019,300.0,302.0,304.0,1.8,1.9,2.0,7.0,69.7,958.1,530.86,35780.0,0.0
10079,301.0,302.0,305.0,1.8,1.9,2.0,7.0,69.7,958.1,530.86,35780.0,0.0
10139,298.0,301.0,303.0,1.7,1.7,1.8,6.9,69.2,958.1,530.86,35780.0,0.0
10199,303.0,304.0,305.0,1.5,1.5,1.5,7.0,69.4,958.1,530.86,35780.0,0.0
10259,304.0,307.0,309.0,1.4,1.5,1.5,6.9,69.0,958.1,530.86,35780.0,0.0
10319,302.0,302.0,302.0,1.6,1.6,1.6,7.0,69.4,958.2,530.86,35780.0,0.0
10379,304.0,306.0,311.0,1.6,1.7,1.8,7.0,69.3,958.1,530.86,35780.0,0.0
10439,311.0,314.0,318.0,1.5,1.6,1.6,6.9,69.2,958.1,530.86,35780.0,0.0
10499,318.0,322.0,324.0,1.2,1.3,1.4,7.0,69.7,958.1,530.86,35780.0,0.0
10559,331.0,334.0,341.0,1.1,1.1,1.2,6.9,69.8,958.1,530.86,35780.0,0.0
10619,326.0,328.0,330.0,1.2,1.3,1.4,7.0,69.9,958.1,530.86,35780.0,0.0
10679,318.0,321.0,324.0,1.3,1.4,1.4,7.0,69.8,958.1,530.86,35780.0,0.0
10739,326.0,331.0,334.0,1.4,1.5,1.6,7.0,69.9,958.1,530.86,35780.0,0.0
10799,341.0,344.0,346.0,1.4,1.5,1.5,7.0,69.8,958.1,530.86,35780.0,0.0
10859,328.0,330.0,332.0,1.2,1.3,1.3,7.0,70.0,958.1,530.86,35780.0,0.0
10919,318.0,320.0,323.0,1.5,1.6,1.6,7.0,69.2,958.1,530.86,35780.0,0.0
10979,322.0,325.0,330.0,1.5,1.5,1.6,7.0,69.6,958.1,530.86,35780.0,0.0
11039,328.0,332.0,334.0,1.5,1.5,1.6,7.1,69.2,958.1,530.86,35780.0,0.0
11099,337.0,340.0,344.0,1.4,1.4,1.5,7.0,69.1,958.0,530.86,35780.0,0.0
11159,326.0,336.0,343.0,1.0,1.1,1.2,7.1,72.2,958.0,530.86,35780.0,0.0
11219,327.0,333.0,338.0,0.8,0.9,1.0,7.1,71.3,958.0,530.86,35780.0,0.0
11279,318.0,319.0,323.0,1.0,1.0,1.1,7.1,70.2,958.0,530.86,35780.0,0.0
11339,329.0,330.0,332.0,0.9,1.0,1.0,7.1,69.7,958.0,530.86,35780.0,0.0
11399,331.0,334.0,338.0,1.0,1.0,1.0,7.1,69.6,958.1,530.86,35780.0,0.0
11459,334.0,335.0,336.0,0.9,0.9,0.9,7.1,69.4,958.0,530.86,35780.0,0.0
11519,325.0,326.0,329.0,0.8,0.9,0.9,7.1,69.7,958.1,530.86,35780.0,0.0
11579,309.0,310.0,312.0,0.9,0.9,0.9,7.1,70.1,958.1,530.86,35780.0,0.0
11639,289.0,296.0,302.0,0.7,0.8,0.9,7.2,70.0,958.0,530.86,35780.0,0.0
11699,265.0,269.0,272.0,0.8,0.9,1.0,7.0,70.1,958.0,530.86,35780.0,0.0
11759,250.0,252.0,255.0,0.9,1.0,1.1,7.2,69.7,958.0,530.86,35780.0,0.0
11819,253.0,255.0,257.0,0.9,1.0,1.1,7.1,69.2,958.0,530.86,35780.0,0.0
11879,275.0,278.0,284.0,1.1,1.2,1.2,7.2,71.5,958.1,530.86,35780.0,0.0
11939,282.0,285.0,291.0,1.1,1.3,1.5,7.0,71.9,958.1,530.86,35780.0,0.0
11999,280.0,284.0,290.0,1.5,1.6,1.7,7.2,73.8,958.1,530.86,35780.0,0.0
12059,282.0,284.0,287.0,1.1,1.2,1.3,7.2,73.1,958.1,530.86,35780.0,0.0
12119,285.0,291.0,298.0,0.9,1.0,1.1,7.1,73.1,958.0,530.86,35780.0,0.0
12179,298.0,301.0,309.0,0.7,0.9,1.0,7.1,73.1,958.0,530.86,35780.0,0.0
12239,304.0,307.0,310.0,1.1,1.2,1.3,7.1,74.2,958.0,530.86,35780.0,0.0
12299,296.0,301.0,305.0,1.5,1.7,1.8,7.2,74.0,958.0,530.86,35780.0,0.0
12359,298.0,301.0,303.0,1.7,1.8,1.9,7.1,72.9,958.0,530.86,35780.0,0.0
12419,313.0,314.0,318.0,1.3,1.3,1.4,7.1,73.2,958.0,530.86,35780.0,0.0
12479,318.0,320.0,323.0,1.3,1.4,1.4,6.9,74.0,958.0,530.86,35780.0,0.0
12539,317.0,319.0,321.0,1.3,1.4,1.4,7.0,72.3,958.0,530.86,35780.0,0.0
12599,320.0,324.0,326.0,1.0,1.1,1.1,7.0,72.1,958.0,530.86,35780.0,0.0
12659,306.0,308.0,316.0,0.8,0.9,0.9,7.1,72.9,958.0,530.86,35780.0,0.0
12719,315.0,317.0,320.0,0.8,0.8,0.8,7.0,72.2,958.0,530.86,35780.0,0.0
12779,308.0,314.0,322.0,0.4,0.4,0.5,7.1,73.5,958.0,530.86,35780.0,0.0
12839,293.0,297.0,302.0,0.5,0.6,0.7,7.0,74.2,958.0,530.86,35780.0,0.0
12899,299.0,309.0,330.0,0.4,0.5,0.6,7.2,73.1,958.0,530.86,35780.0,0.0
12959,292.0,298.0,309.0,0.5,0.5,0.6,7.2,71.9,958.0,530.86,35780.0,0.0
13019,296.0,305.0,311.0,0.6,0.8,0.8,7.2,71.8,958.1,530.86,35780.0,0.0
13079,304.0,312.0,315.0,0.9,1.0,1.0,7.2,71.6,958.0,530.86,35780.0,0.0
13139,299.0,303.0,309.0,0.9,1.0,1.1,7.2,71.2,958.0,530.86,35780.0,0.0
13199,287.0,292.0,295.0,0.8,0.9,1.0,7.0,71.3,958.0,530.86,35780.0,0.0
13259,285.0,287.0,292.0,1.0,1.2,1.4,7.2,70.8,958.0,530.86,35780.0,0.0
13319,270.0,276.0,279.0,1.1,1.2,1.4,7.1,70.6,958.1,530.86,35780.0,0.0
13379,261.0,271.0,276.0,1.0,1.2,1.3,6.9,71.0,958.1,530.86,35780.0,0.0
13439,262.0,267.0,270.0,1.2,1.3,1.3,7.1,70.6,958.1,530.86,35780.0,0.0
13499,244.0,251.0,256.0,1.1,1.1,1.2,6.8,72.1,958.0,530.86,35780.0,0.0
13559,249.0,250.0,253.0,0.9,1.0,1.0,7.1,73.0,958.0,530.86,35780.0,0.0
13619,251.0,257.0,263.0,0.7,0.7,0.7,7.1,73.2,958.0,530.86,35780.0,0.0
13679,259.0,264.0,271.0,0.4,0.4,0.5,7.1,73.3,958.0,530.86,35780.0,0.0
13739,248.0,258.0,269.0,0.4,0.4,0.5,7.1,73.3,958.1,530.86,35780.0,0.0
13799,254.0,256.0,264.0,0.6,0.6,0.6,7.3,73.2,958.1,530.86,35780.0,0.0
13859,252.0,253.0,254.0,0.5,0.6,0.6,7.1,73.1,958.1,530.86,35780.0,0.0
13919,217.0,225.0,231.0,0.5,0.6,0.6,7.1,73.1,958.1,530.86,35780.0,0.0
13979,207.0,212.0,215.0,0.7,0.9,1.0,7.1,72.8,958.1,530.86,35780.0,0.0
14039,201.0,205.0,208.0,1.3,1.4,1.4,7.1,72.6,958.0,530.86,35780.0,0.0
14099,212.0,213.0,214.0,1.6,1.7,1.7,7.1,71.9,958.1,530.86,35780.0,0.0
14159,210.0,211.0,213.0,1.7,1.8,1.9,7.1,72.5,958.1,530.86,35780.0,0.0
14219,202.0,204.0,208.0,1.8,1.9,2.1,6.8,73.3,958.1,530.86,35780.0,0.0
14279,186.0,193.0,198.0,1.7,1.8,1.9,7.0,73.1,958.1,530.86,35780.0,0.0
14339,185.0,190.0,193.0,2.3,2.4,2.6,6.8,73.2,958.1,530.86,35780.0,0.0
14399,188.0,193.0,197.0,2.0,2.4,2.7,6.7,74.1,958.1,530.86,35780.0,0.0
14459,190.0,194.0,198.0,1.7,1.8,2.0,6.7,73.9,958.1,530.86,35780.0,0.0
14519,190.0,191.0,193.0,1.5,1.6,1.6,6.3,75.4,958.1,530.86,35780.0,0.0
14579,184.0,184.0,186.0,1.2,1.2,1.2,6.6,74.4,958.2,530.86,35780.0,0.0
14639,184.0,188.0,191.0,1.2,1.3,1.4,6.6,74.4,958.2,530.86,35780.0,0.0
14699,194.0,195.0,196.0,1.4,1.4,1.5,6.5,75.1,958.1,530.86,35780.0,0.0
14759,186.0,190.0,191.0,1.5,1.6,1.6,6.7,74.0,958.2,530.86,35780.0,0.0
14819,176.0,185.0,188.0,1.4,1.5,1.6,6.6,73.4,958.2,530.86,35780.0,0.0
14879,159.0,173.0,186.0,1.5,1.7,1.9,6.7,73.7,958.2,530.86,35780.0,0.0
14939,176.0,180.0,186.0,1.6,1.8,1.9,6.6,73.4,958.2,530.86,35780.0,0.0
14999,183.0,185.0,186.0,2.0,2.1,2.3,6.5,73.5,958.2,530.86,35780.0,0.0
15059,187.0,188.0,190.0,2.1,2.2,2.3,6.6,73.7,958.3,530.86,35780.0,0.0
15119,184.0,186.0,187.0,1.7,1.8,1.9,6.5,73.4,958.3,530.86,35780.0,0.0
15179,175.0,175.0,177.0,1.5,1.5,1.5,6.6,73.9,958.3,530.86,35780.0,0.0
15239,162.0,163.0,167.0,1.3,1.3,1.4,6.6,73.8,958.3,530.86,35780.0,0.0
15299,160.0,162.0,166.0,1.4,1.5,1.6,6.6,73.8,958.3,530.86,35780.0,0.0
15359,169.0,173.0,175.0,1.5,1.6,1.6,6.6,74.0,958.3,530.86,35780.0,0.0
15419,176.0,178.0,179.0,1.5,1.5,1.5,6.5,74.1,958.4,530.86,35780.0,0.0
15479,178.0,182.0,184.0,1.3,1.4,1.5,6.6,75.2,958.4,530.86,35780.0,0.0
15539,174.0,175.0,177.0,1.2,1.2,1.3,6.7,75.0,958.4,530.86,35780.0,0.0
15599,189.0,190.0,191.0,1.4,1.4,1.4,6.6,75.1,958.4,530.86,35780.0,0.0
15659,182.0,185.0,187.0,1.4,1.4,1.5,6.6,75.7,958.4,530.86,35780.0,0.0
15719,180.0,180.0,182.0,1.2,1.2,1.3,6.7,75.5,958.4,530.86,35780.0,0.0
15779,176.0,177.0,178.0,1.3,1.3,1.4,6.6,74.6,958.4,530.86,35780.0,0.0
15839,180.0,180.0,182.0,1.2,1.2,1.2,6.6,74.6,958.4,530.86,35780.0,0.0
15899,186.0,188.0,189.0,1.2,1.3,1.3,6.6,75.2,958.4,530.86,35780.0,0.0
15959,196.0,197.0,198.0,1.5,1.5,1.5,6.6,75.5,958.5,530.86,35780.0,0.0
16019,203.0,204.0,205.0,1.7,1.7,1.7,6.7,77.2,958.5,530.86,35780.0,0.0
16079,203.0,205.0,206.0,1.8,1.9,1.9,6.7,78.7,958.5,530.86,35780.0,0.0
16139,199.0,201.0,202.0,1.9,1.9,2.0,6.7,77.8,958.5,530.86,35780.0,0.0
16199,194.0,198.0,204.0,1.6,1.7,1.8,6.7,78.8,958.5,530.86,35780.0,0.0
16259,200.0,202.0,204.0,2.0,2.1,2.2,6.7,77.4,958.5,530.86,35780.0,0.0
16319,198.0,206.0,213.0,1.6,1.6,1.7,6.6,77.0,958.6,530.86,35780.0,0.0
16379,191.0,193.0,194.0,2.1,2.2,2.2,6.5,75.9,958.6,530.86,35780.0,0.0
16439,193.0,194.0,195.0,1.8,1.8,1.8,6.6,76.6,958.6,530.86,35780.0,0.0
16499,188.0,190.0,191.0,1.7,1.7,1.8,6.5,75.7,958.6,530.86,35780.0,0.0
16559,186.0,188.0,190.0,1.6,1.7,1.8,6.5,76.8,958.6,530.86,35780.0,0.0
16619,185.0,188.0,192.0,1.5,1.6,1.7,6.4,76.8,958.6,530.86,35780.0,0.0
16679,184.0,185.0,187.0,1.6,1.6,1.7,6.5,77.4,958.6,530.86,35780.0,0.0
16739,190.0,197.0,202.0,1.1,1.3,1.5,6.6,77.8,958.6,530.86,35780.0,0.0
16799,190.0,198.0,207.0,1.1,1.3,1.5,6.6,77.1,958.6,530.86,35780.0,0.0
16859,180.0,185.0,188.0,1.1,1.2,1.4,6.6,77.2,958.6,530.86,35780.0,0.0
16919,175.0,180.0,191.0,1.6,1.7,2.2,6.5,76.9,958.6,530.86,35780.0,0.0
16979,176.0,181.0,186.0,1.6,1.7,1.8,6.6,78.9,958.6,530.86,35780.0,0.0
17039,187.0,192.0,196.0,1.6,1.7,1.8,6.6,78.5,958.6,530.86,35780.0,0.0
17099,168.0,184.0,193.0,1.4,1.7,1.9,6.6,78.4,958.6,530.86,35780.0,0.0
17159,181.0,186.0,189.0,1.4,1.5,1.6,6.6,78.5,958.6,530.86,35780.0,0.0
17219,184.0,187.0,190.0,1.6,1.8,1.9,6.6,77.9,958.7,530.86,35780.0,0.0
17279,164.0,173.0,181.0,1.3,1.5,1.6,6.6,78.0,958.7,530.86,35780.0,0.0
17339,165.0,170.0,174.0,1.6,1.7,1.8,6.8,77.7,958.6,530.86,35780.0,0.0
17399,161.0,169.0,182.0,1.2,1.3,1.4,6.6,77.8,958.7,530.86,35780.0,0.0
17459,155.0,161.0,171.0,1.3,1.4,1.5,6.6,77.8,958.7,530.86,35780.0,0.0
17519,154.0,155.0,160.0,1.4,1.5,1.6,6.6,77.9,958.7,530.86,35780.0,0.0
17579,149.0,155.0,160.0,1.8,1.9,2.1,6.6,77.6,958.7,530.86,35780.0,0.0
17639,151.0,156.0,161.0,1.5,1.7,1.9,6.6,77.1,958.7,530.86,35780.0,0.0
17699,152.0,154.0,157.0,1.8,1.9,1.9,6.6,77.4,958.7,530.86,35780.0,0.0
17759,155.0,159.0,162.0,1.6,1.8,1.9,6.6,76.8,958.7,530.86,35780.0,0.0
17819,152.0,156.0,159.0,1.5,1.7,1.9,6.6,77.2,958.7,530.86,35780.0,0.0
17879,156.0,162.0,171.0,1.5,1.8,2.0,6.4,77.8,958.7,530.86,35780.0,0.0
17939,140.0,153.0,163.0,0.9,1.4,1.7,6.4,78.0,958.7,530.86,35780.0,0.0
17999,151.0,161.0,172.0,1.3,1.4,1.6,6.6,77.6,958.7,530.86,35780.0,0.0
18059,157.0,164.0,170.0,1.3,1.5,1.6,6.6,77.5,958.7,530.86,35780.0,0.0
18119,161.0,164.0,168.0,1.4,1.5,1.6,6.6,77.6,958.7,530.86,35780.0,0.0
18179,151.0,164.0,174.0,0.9,1.2,1.5,6.6,77.4,958.8,530.86,35780.0,0.0
18239,146.0,155.0,161.0,1.4,1.5,1.6,6.4,77.7,958.8,530.86,35780.0,0.0
18299,156.0,159.0,163.0,1.5,1.6,1.8,6.6,77.7,958.8,530.86,35780.0,0.0
18359,155.0,158.0,162.0,1.4,1.5,1.7,6.6,77.3,958.8,530.86,35780.0,0.0
18419,157.0,164.0,172.0,1.3,1.4,1.5,6.7,77.7,958.8,530.86,35780.0,0.0
18479,146.0,157.0,168.0,1.1,1.3,1.5,6.7,77.8,958.8,530.86,35780.0,0.0
18539,146.0,154.0,165.0,1.1,1.3,1.5,6.7,77.9,958.8,530.86,35780.0,0.0
18599,152.0,161.0,165.0,1.2,1.3,1.5,6.7,77.7,958.8,530.86,35780.0,0.0
18659,154.0,157.0,160.0,1.2,1.3,1.4,6.4,78.1,958.9,530.86,35780.0,0.0
18719,156.0,164.0,171.0,1.5,1.6,1.8,6.7,77.8,958.8,530.86,35780.0,0.0
18779,162.0,168.0,173.0,1.3,1.5,1.7,6.6,78.2,958.9,530.86,35780.0,0.0
18839,144.0,158.0,171.0,0.9,1.0,1.2,6.7,78.7,958.8,530.86,35780.0,0.0
18899,145.0,152.0,162.0,1.0,1.2,1.3,6.7,78.4,958.9,530.86,35780.0,0.0
18959,155.0,160.0,169.0,1.1,1.2,1.5,6.7,78.6,958.8,530.86,35780.0,0.0
19019,155.0,165.0,171.0,1.1,1.3,1.4,6.8,78.3,958.9,530.86,35780.0,0.0
19079,135.0,145.0,157.0,0.8,1.2,1.5,6.7,77.9,958.9,530.86,35780.0,0.0
19139,156.0,161.0,165.0,1.7,1.8,2.1,6.8,78.4,958.8,530.86,35780.0,0.0
19199,141.0,151.0,159.0,1.2,1.5,1.7,6.6,78.4,958.9,530.86,35780.0,0.0
19259,151.0,167.0,175.0,1.1,1.3,1.5,6.7,78.1,958.8,530.86,35780.0,0.0
19319,156.0,169.0,174.0,0.9,1.0,1.1,6.7,78.1,958.9,530.86,35780.0,0.0
19379,162.0,170.0,172.0,0.9,1.0,1.1,6.6,78.2,958.8,530.86,35780.0,0.0
19439,151.0,162.0,174.0,0.9,1.0,1.1,6.7,78.1,958.9,530.86,35780.0,0.0
19499,146.0,151.0,160.0,1.0,1.1,1.2,6.7,78.0,958.8,530.86,35780.0,0.0
19559,137.0,152.0,177.0,1.1,1.5,2.1,6.7,78.1,958.9,530.86,35780.0,0.0
19619,133.0,138.0,141.0,1.5,1.5,1.6,6.6,77.5,958.9,530.86,35780.0,0.0
19679,139.0,146.0,154.0,1.4,1.6,1.8,6.7,78.1,958.9,530.86,35780.0,0.0
19739,147.0,158.0,168.0,0.8,0.9,1.1,6.6,78.7,958.9,530.86,35780.0,0.0
19799,123.0,138.0,145.0,0.6,0.6,0.7,6.7,78.2,958.9,530.86,35780.0,0.0
19859,144.0,154.0,173.0,0.3,0.3,0.5,6.5,78.4,958.9,530.86,35780.0,0.0
19919,209.0,223.0,234.0,0.3,0.3,0.4,6.7,78.1,959.0,530.86,35780.0,0.0
19979,166.0,194.0,227.0,0.3,0.6,0.7,6.7,78.2,959.0,530.86,35780.0,0.0
20039,207.0,222.0,229.0,0.8,0.9,1.1,6.8,78.6,959.0,530.86,35780.0,0.0
20099,208.0,213.0,217.0,1.0,1.1,1.2,6.8,78.4,959.0,530.86,35780.0,0.0
20159,194.0,203.0,209.0,0.9,1.0,1.2,6.8,78.5,959.0,530.86,35780.0,0.0
20219,170.0,179.0,190.0,0.8,1.0,1.1,6.8,77.9,959.1,530.86,35780.0,0.0
20279,123.0,148.0,165.0,1.1,1.4,1.7,6.8,77.6,959.0,530.86,35780.0,0.0
20339,154.0,163.0,174.0,1.4,1.4,1.5,6.8,78.4,959.1,530.86,35780.0,0.0
20399,150.0,156.0,163.0,1.4,1.5,1.7,6.8,78.1,959.0,530.86,35780.0,0.0
20459,161.0,167.0,175.0,1.3,1.4,1.5,6.8,78.5,959.0,530.86,35780.0,0.0
20519,151.0,156.0,160.0,0.8,0.8,0.9,6.8,78.6,959.0,530.86,35780.0,0.0
20579,135.0,159.0,181.0,0.7,0.9,0.9,6.8,78.7,959.1,530.86,35780.0,0.0
20639,175.0,182.0,188.0,1.0,1.2,1.3,6.8,79.1,959.1,530.86,35780.0,0.0
20699,123.0,145.0,181.0,0.7,0.9,1.1,6.8,79.5,959.0,530.86,35780.0,0.0
20759,167.0,171.0,176.0,1.3,1.5,1.6,6.8,79.4,959.1,530.86,35780.0,0.0
20819,173.0,177.0,181.0,1.7,1.9,2.1,6.8,78.8,959.1,530.86,35780.0,0.0
20879,160.0,169.0,185.0,1.2,1.7,2.1,6.8,79.7,959.1,530.86,35780.0,0.0
20939,161.0,166.0,176.0,2.1,2.4,2.7,6.9,79.6,959.1,530.86,35780.0,0.0
20999,173.0,185.0,194.0,1.8,2.5,2.8,6.8,79.2,959.2,530.86,35780.0,0.0
21059,176.0,183.0,191.0,2.3,2.5,2.7,6.8,79.6,959.2,530.86,35780.0,0.0
21119,168.0,183.0,192.0,1.4,1.5,1.6,6.7,79.2,959.2,530.86,35780.0,0.0
21179,178.0,185.0,189.0,1.7,1.9,2.1,6.8,79.8,959.2,530.86,35780.0,0.0
21239,181.0,200.0,206.0,1.7,1.9,2.0,6.7,79.2,959.3,530.86,35780.0,0.0
21299,161.0,171.0,179.0,1.7,2.0,2.1,6.7,79.5,959.3,530.86,35780.0,0.0
21359,168.0,174.0,182.0,2.0,2.3,2.6,6.7,79.6,959.3,530.86,35780.0,0.0
21419,157.0,164.0,173.0,1.6,2.0,2.5,6.7,79.2,959.3,530.86,35780.0,0.0
21479,188.0,204.0,217.0,1.0,1.3,1.7,6.7,79.5,959.3,530.86,35780.0,0.0
21539,169.0,177.0,185.0,1.8,1.9,2.1,6.7,79.3,959.4,530.86,35780.0,0.0
21599,166.0,170.0,173.0,2.1,2.3,2.3,6.7,78.9,959.4,530.86,35780.0,0.0
21659,173.0,177.0,180.0,1.8,1.9,2.1,6.7,79.0,959.4,530.86,35780.0,0.0
21719,174.0,182.0,187.0,2.6,2.9,3.3,6.6,78.6,959.4,530.86,35780.0,0.0
21779,169.0,175.0,185.0,1.9,2.2,2.6,6.6,78.6,959.4,530.86,35780.0,0.0
21839,153.0,160.0,166.0,2.2,2.5,2.7,6.7,79.0,959.4,530.86,35780.0,0.0
21899,159.0,165.0,169.0,2.1,2.3,2.8,6.7,78.9,959.4,530.86,35780.0,0.0
21959,177.0,185.0,190.0,2.4,2.5,2.7,6.7,78.5,959.4,530.86,35780.0,0.0
22019,158.0,165.0,172.0,1.8,2.0,2.3,6.7,78.9,959.5,530.86,35780.0,0.0
22079,170.0,176.0,181.0,2.0,2.3,2.6,6.6,78.5,959.5,530.86,35780.0,0.0
22139,163.0,168.0,171.0,1.9,2.0,2.4,6.7,78.9,959.5,530.86,35780.0,0.0
22199,158.0,166.0,171.0,2.0,2.2,2.4,6.6,78.6,959.5,530.86,35780.0,0.0
22259,160.0,163.0,166.0,2.1,2.2,2.3,6.6,78.9,959.5,530.86,35780.0,0.0
22319,161.0,166.0,169.0,2.3,2.6,2.7,6.7,78.8,959.5,530.86,35780.0,0.0
22379,168.0,174.0,179.0,2.0,2.2,2.5,6.6,78.4,959.5,530.86,35780.0,0.0
22439,155.0,159.0,166.0,2.2,2.4,2.6,6.7,78.9,959.5,530.86,35780.0,0.0
22499,160.0,168.0,172.0,2.0,2.1,2.4,6.7,78.9,959.4,530.86,35780.0,0.0
22559,167.0,172.0,179.0,1.5,1.7,2.0,6.5,79.6,959.4,530.86,35780.0,0.0
22619,166.0,173.0,182.0,1.7,1.9,2.2,6.7,79.0,959.5,530.86,35780.0,0.0
22679,159.0,165.0,169.0,2.3,2.4,2.6,6.6,78.7,959.5,530.86,35780.0,0.0
22739,145.0,160.0,169.0,1.8,1.9,2.1,6.7,79.3,959.4,530.86,35780.0,0.0
22799,152.0,155.0,158.0,2.4,2.5,2.6,6.7,79.1,959.5,530.86,35780.0,0.0
22859,152.0,157.0,162.0,2.1,2.5,2.8,6.6,79.1,959.5,530.86,35780.0,0.0
22919,145.0,152.0,159.0,1.8,2.0,2.2,6.7,79.4,959.5,530.86,35780.0,0.0
22979,149.0,158.0,167.0,2.5,3.0,3.3,6.7,79.4,959.5,530.86,35780.0,0.0
23039,148.0,153.0,158.0,2.1,2.3,2.6,6.6,79.2,959.5,530.86,35780.0,0.0
23099,152.0,157.0,162.0,2.1,2.2,2.5,6.7,79.5,959.5,530.86,35780.0,0.0
23159,156.0,162.0,171.0,1.7,2.0,2.3,6.7,79.7,959.5,530.86,35780.0,0.0
23219,147.0,154.0,162.0,1.7,2.0,2.2,6.6,79.2,959.5,530.86,35780.0,0.0
23279,135.0,143.0,150.0,1.4,1.7,1.9,6.6,79.9,959.5,530.86,35780.0,0.0
23339,148.0,152.0,155.0,1.9,2.0,2.2,6.6,79.9,959.5,530.86,35780.0,0.0
23399,132.0,144.0,154.0,1.4,1.7,1.9,6.6,79.3,959.5,530.86,35780.0,0.0
23459,149.0,154.0,157.0,1.8,1.9,2.1,6.6,79.6,959.5,530.86,35780.0,0.0
23519,148.0,152.0,157.0,2.2,2.3,2.4,6.5,79.6,959.5,530.86,35780.0,0.0
23579,150.0,153.0,157.0,2.0,2.1,2.3,6.6,80.2,959.5,530.86,35780.0,0.0
23639,143.0,152.0,159.0,2.3,2.6,2.8,6.6,80.5,959.5,530.86,35780.0,0.0
23699,133.0,138.0,145.0,2.4,2.5,2.7,6.6,80.2,959.5,530.86,35780.0,0.0
23759,130.0,142.0,147.0,2.0,2.1,2.5,6.7,80.2,959.6,530.86,35780.0,0.0
23819,130.0,139.0,146.0,1.4,1.6,1.7,6.7,80.0,959.6,530.86,35780.0,0.0
23879,119.0,123.0,126.0,1.2,1.4,1.5,6.4,80.5,959.6,530.86,35780.0,0.0
23939,132.0,145.0,150.0,1.7,1.9,2.2,6.6,80.0,959.6,530.86,35780.0,0.0
23999,127.0,138.0,145.0,1.5,1.7,1.8,6.6,79.6,959.6,530.86,35780.0,0.0
24059,128.0,136.0,144.0,1.7,2.1,2.5,6.6,80.1,959.6,530.86,35780.0,0.0
24119,130.0,138.0,146.0,1.2,1.4,1.5,6.7,80.0,959.7,530.86,35780.0,0.0
24179,137.0,146.0,158.0,1.3,1.7,1.9,6.7,80.2,959.7,530.86,35780.0,0.0
24239,133.0,138.0,142.0,1.4,1.5,1.7,6.7,80.1,959.7,530.86,35780.0,0.0
24299,138.0,150.0,159.0,1.5,1.7,1.9,6.7,80.2,959.7,530.86,35780.0,0.0
24359,122.0,126.0,131.0,1.6,1.7,1.8,6.7,80.1,959.6,530.86,35780.0,0.0
24419,141.0,144.0,150.0,2.1,2.3,2.6,6.6,79.6,959.6,530.86,35780.0,0.0
24479,124.0,132.0,144.0,1.6,1.7,1.8,6.7,80.0,959.7,530.86,35780.0,0.0
24539,128.0,134.0,145.0,1.7,1.9,2.2,6.6,79.7,959.7,530.86,35780.0,0.0
24599,125.0,132.0,142.0,1.4,1.6,1.8,6.6,80.1,959.7,530.86,35780.0,0.0
24659,151.0,157.0,163.0,1.1,1.2,1.4,6.6,80.2,959.7,530.86,35780.0,0.0
24719,138.0,150.0,159.0,1.5,1.8,2.0,6.6,80.6,959.7,530.86,35780.0,0.0
24779,126.0,142.0,157.0,1.6,1.9,2.2,6.7,80.2,959.8,530.86,35780.0,0.0
24839,130.0,140.0,150.0,1.2,1.3,1.5,6.6,80.2,959.7,530.86,35780.0,0.0
24899,142.0,147.0,156.0,1.5,1.7,2.0,6.7,80.1,959.8,530.86,35780.0,0.0
24959,142.0,150.0,154.0,1.4,1.5,1.7,6.6,79.6,959.9,530.86,35780.0,0.0
25019,145.0,153.0,158.0,1.3,1.4,1.6,6.7,80.0,959.9,530.86,35780.0,0.0
25079,158.0,162.0,168.0,1.3,1.4,1.5,6.5,80.4,959.8,530.86,35780.0,0.0
25139,156.0,163.0,169.0,1.5,1.6,1.8,6.7,80.0,959.9,530.86,35780.0,0.0
25199,152.0,156.0,162.0,1.4,1.6,1.8,6.7,79.9,959.9,530.86,35780.0,0.0
25259,145.0,150.0,155.0,1.9,2.1,2.3,6.7,80.0,959.9,530.86,35780.0,0.0
25319,153.0,160.0,168.0,1.8,1.9,2.0,6.8,79.8,960.0,530.86,35780.0,0.0
25379,148.0,156.0,165.0,1.5,1.8,1.9,6.7,79.5,960.0,530.86,35780.0,0.0
25439,159.0,161.0,164.0,1.3,1.4,1.5,6.8,79.8,960.1,530.86,35780.0,0.0
25499,154.0,161.0,182.0,1.2,1.3,1.5,6.8,79.4,960.1,530.86,35780.0,0.0
25559,162.0,167.0,171.0,1.2,1.3,1.4,6.8,79.7,960.1,530.86,35780.0,0.0
25619,166.0,177.0,184.0,1.5,1.8,2.1,6.8,79.5,960.1,530.86,35780.0,0.0
25679,183.0,188.0,193.0,1.4,1.7,2.2,6.9,79.8,960.1,530.86,35780.0,0.0
25739,177.0,189.0,199.0,1.4,1.7,2.1,6.8,79.5,960.1,530.86,35780.0,0.0
25799,179.0,182.0,186.0,1.7,1.9,2.2,6.9,80.1,960.1,530.86,35780.0,0.0
25859,162.0,166.0,173.0,1.8,1.8,2.0,6.9,79.8,960.2,530.86,35780.0,0.0
25919,164.0,174.0,181.0,1.7,1.9,2.0,6.9,80.0,960.2,530.86,35780.0,0.0
25979,163.0,168.0,175.0,2.2,2.3,2.6,6.9,80.2,960.2,530.86,35780.0,0.0
26039,166.0,171.0,175.0,2.3,2.6,2.9,6.9,79.8,960.2,530.86,35780.0,0.0
26099,155.0,160.0,165.0,2.4,2.6,2.9,6.9,80.0,960.2,530.86,35780.0,0.0
26159,159.0,164.0,169.0,2.1,2.2,2.3,6.9,79.8,960.2,530.86,35780.0,0.0
26219,173.0,183.0,188.0,1.8,2.0,2.3,6.8,79.3,960.2,530.86,35780.0,0.0
26279,167.0,175.0,180.0,1.6,1.9,2.1,6.9,80.4,960.2,530.86,35780.0,0.0
26339,182.0,189.0,197.0,1.4,1.9,2.1,6.9,79.8,960.2,530.86,35780.0,0.0
26399,170.0,182.0,193.0,1.2,1.6,2.2,7.0,80.2,960.2,530.86,35780.0,0.0
26459,165.0,169.0,180.0,1.2,1.3,1.5,6.9,79.7,960.2,530.86,35780.0,0.0
26519,185.0,195.0,203.0,1.5,1.7,1.9,7.0,80.4,960.3,530.86,35780.0,0.0
26579,171.0,176.0,179.0,1.7,1.8,1.9,6.9,80.1,960.3,530.86,35780.0,0.0
26639,185.0,195.0,203.0,1.5,1.7,1.9,7.0,80.2,960.3,530.86,35780.0,0.0
26699,174.0,184.0,192.0,1.7,2.0,2.5,7.0,80.5,960.3,530.86,35780.0,0.0
26759,175.0,182.0,190.0,1.8,2.0,2.1,6.9,79.7,960.3,530.86,35780.0,0.0
26819,180.0,189.0,203.0,1.3,1.9,2.2,7.0,80.9,960.3,530.86,35780.0,0.0
26879,171.0,181.0,198.0,2.0,2.6,3.0,7.0,80.7,960.3,530.86,35780.0,0.0
26939,174.0,182.0,194.0,2.2,2.6,2.9,6.9,80.1,960.4,530.86,35780.0,0.0
26999,181.0,192.0,204.0,2.1,2.5,3.0,6.9,80.8,960.3,530.86,35780.0,0.0
27059,188.0,192.0,196.0,2.6,2.8,3.0,6.7,81.3,960.3,530.86,35780.0,0.0
27119,189.0,198.0,213.0,1.2,1.8,2.2,6.9,80.9,960.4,530.86,35780.0,0.0
27179,185.0,189.0,193.0,2.3,2.6,3.0,6.6,82.3,960.3,530.86,35780.0,0.0
27239,170.0,176.0,195.0,2.5,2.7,2.9,6.8,80.5,960.4,530.86,35780.0,0.0
27299,184.0,193.0,202.0,2.5,2.9,3.2,6.8,80.3,960.4,530.86,35780.0,0.0
27359,168.0,178.0,188.0,2.2,2.6,2.8,6.9,80.7,960.4,530.86,35780.0,0.0
27419,173.0,183.0,200.0,2.3,2.8,3.1,6.8,80.4,960.4,530.86,35780.0,0.0
27479,173.0,180.0,188.0,2.9,3.3,3.7,6.9,80.6,960.4,530.86,35780.0,0.0
27539,185.0,195.0,202.0,3.8,4.1,4.3,6.9,80.5,960.4,530.86,35780.0,0.0
27599,190.0,192.0,197.0,3.4,3.8,4.1,6.8,81.5,960.4,530.86,35780.0,0.0
27659,174.0,183.0,190.0,3.1,3.5,4.2,6.9,80.3,960.4,530.86,35780.0,0.0
27719,193.0,201.0,213.0,3.1,3.5,3.9,6.8,81.0,960.4,530.86,35780.0,0.0
27779,200.0,207.0,219.0,2.3,2.8,3.1,6.8,81.5,960.5,530.86,35780.0,0.0
27839,185.0,193.0,200.0,3.4,3.7,4.0,6.8,81.5,960.5,530.86,35780.0,0.0
27899,197.0,204.0,218.0,2.6,3.2,4.0,6.9,81.4,960.5,530.86,35780.0,0.0
27959,178.0,193.0,204.0,2.4,3.0,3.4,6.8,81.3,960.5,530.86,35780.0,0.0
28019,189.0,195.0,200.0,3.5,3.9,4.5,6.7,81.9,960.5,530.86,35780.0,0.0
28079,177.0,196.0,218.0,3.0,3.5,3.9,6.9,81.5,960.4,530.86,35780.0,0.0
28139,189.0,194.0,200.0,2.6,3.0,3.3,6.8,80.9,960.5,530.86,35780.0,0.0
28199,169.0,178.0,186.0,2.5,2.9,3.5,6.7,82.3,960.6,530.86,35780.0,0.0
28259,182.0,196.0,206.0,2.9,3.6,4.1,6.9,82.2,960.6,530.86,35780.0,0.0
28319,176.0,183.0,186.0,3.2,3.5,3.9,6.9,81.0,960.6,530.86,35780.0,0.0
28379,197.0,200.0,209.0,3.1,3.6,4.0,6.9,81.4,960.5,530.86,35780.0,0.0
28439,181.0,187.0,196.0,2.2,2.5,3.1,6.9,81.4,960.5,530.86,35780.0,0.0
28499,177.0,191.0,201.0,1.7,2.8,3.5,6.7,82.6,960.6,530.86,35780.0,0.0
28559,170.0,179.0,188.0,2.3,2.6,3.1,6.9,81.1,960.5,530.86,35780.0,0.0
28619,172.0,182.0,190.0,2.4,2.8,3.1,7.0,81.5,960.5,530.86,35780.0,0.0
28679,168.0,177.0,187.0,2.2,2.5,3.0,7.1,82.1,960.5,530.86,35780.0,0.0
28739,166.0,183.0,197.0,1.4,2.0,2.3,7.2,82.0,960.5,530.86,35780.0,0.0
28800,162.0,175.0,187.0,2.5,2.8,3.3,7.0,82.8,960.5,530.86,35780.0,0.0
28859,159.0,178.0,191.0,2.0,2.7,3.3,7.3,81.0,960.5,530.86,35780.0,0.0
28919,172.0,183.0,196.0,2.5,2.8,3.1,7.3,81.8,960.5,530.86,35780.0,0.0
28979,158.0,166.0,184.0,2.0,2.3,2.6,7.3,81.6,960.5,530.86,35780.0,0.0
29039,160.0,165.0,176.0,2.2,3.1,3.5,7.4,81.8,960.5,530.86,35780.0,0.0
29099,110.0,182.0,289.0,0.2,1.3,2.5,7.4,82.7,960.6,530.86,35780.0,0.0
29159,76.0,134.0,297.0,0.1,1.3,2.5,7.6,83.5,960.6,530.86,35780.0,0.0
29219,121.0,154.0,189.0,0.3,1.4,2.9,7.8,81.9,960.6,530.86,35780.0,0.0
29279,151.0,165.0,181.0,1.3,2.0,2.9,7.7,81.5,960.6,530.86,35780.0,0.0
29339,138.0,166.0,186.0,1.1,2.0,2.8,8.0,81.6,960.6,530.86,35780.0,0.0
29399,111.0,208.0,278.0,0.2,2.1,3.9,8.1,81.6,960.6,530.86,35780.0,0.0
29459,192.0,201.0,211.0,3.0,3.2,3.4,7.9,78.6,960.6,530.86,35780.0,0.0
29519,145.0,155.0,163.0,1.3,1.5,1.9,7.9,79.0,960.6,530.86,35780.0,0.0
29579,161.0,186.0,199.0,1.7,2.1,2.8,7.7,79.9,960.6,530.86,35780.0,0.0
29639,187.0,196.0,204.0,2.0,2.6,3.3,7.7,81.1,960.6,530.86,35780.0,0.0
29699,193.0,203.0,210.0,3.3,3.7,3.8,7.6,79.8,960.6,530.86,35780.0,0.0
29759,180.0,188.0,201.0,2.4,3.2,4.1,7.6,80.6,960.6,530.86,35780.0,0.0
29819,183.0,190.0,204.0,2.5,2.9,3.2,7.5,80.2,960.6,530.86,35780.0,0.0
29879,206.0,218.0,235.0,2.1,2.6,2.9,7.4,80.1,960.6,530.86,35780.0,0.0
29939,173.0,187.0,203.0,1.8,2.1,2.4,7.3,81.2,960.6,530.86,35780.0,0.0
29999,182.0,194.0,207.0,1.8,2.3,2.6,7.5,81.8,960.6,530.86,35780.0,0.0
30059,198.0,207.0,214.0,2.6,3.2,3.6,7.5,81.2,960.6,530.86,35780.0,0.0
30119,156.0,169.0,185.0,2.7,3.1,3.4,7.5,81.2,960.6,530.86,35780.0,0.0
30179,163.0,182.0,194.0,1.8,2.1,2.4,7.5,81.1,960.6,530.86,35780.0,0.0
30239,177.0,187.0,198.0,2.7,2.9,3.2,7.5,81.2,960.6,530.86,35780.0,0.0
30299,160.0,168.0,174.0,1.8,2.8,3.3,7.6,81.3,960.6,530.86,35780.0,0.0
30359,153.0,162.0,173.0,1.8,2.3,2.5,7.6,80.2,960.6,530.86,35780.0,0.0
30419,188.0,206.0,225.0,2.2,2.9,3.3,7.7,83.1,960.6,530.86,35780.0,0.0
30479,167.0,183.0,202.0,1.7,2.3,3.3,8.3,80.7,960.6,530.86,35780.0,0.0
30539,150.0,163.0,177.0,1.5,2.2,2.6,7.9,79.9,960.6,530.86,35780.0,0.0
30599,220.0,228.0,233.0,2.9,3.2,3.6,8.0,81.7,960.6,530.86,35780.0,0.0
30659,204.0,214.0,220.0,3.2,3.4,4.1,7.9,80.5,960.7,530.86,35780.0,0.0
30719,224.0,227.0,231.0,2.5,2.7,3.0,7.8,79.0,960.8,530.86,35780.0,0.0
30779,215.0,228.0,244.0,1.7,2.0,2.4,7.8,80.0,960.7,530.86,35780.0,0.0
30839,215.0,223.0,230.0,1.9,2.1,2.3,7.8,80.0,960.7,530.86,35780.0,0.0
30899,187.0,202.0,214.0,0.5,0.9,1.4,7.7,79.0,960.8,530.86,35780.0,0.0
30959,213.0,224.0,245.0,1.6,2.0,2.5,7.8,79.9,960.8,530.86,35780.0,0.0
31019,259.0,264.0,272.0,2.5,2.9,3.6,7.9,80.0,960.8,530.86,35780.0,0.0
31079,280.0,287.0,295.0,1.5,2.4,3.0,7.9,80.0,960.8,530.86,35780.0,0.0
31139,296.0,311.0,333.0,0.9,1.1,1.5,7.9,79.1,960.9,530.86,35780.0,0.0
31199,283.0,291.0,304.0,1.8,2.0,2.2,7.9,79.9,960.8,530.86,35780.0,0.0
31259,7.0,288.0,270.0,0.3,0.9,1.4,7.9,79.9,960.8,530.86,35780.0,0.0
31319,200.0,264.0,305.0,0.2,0.8,1.1,7.9,79.5,960.9,530.86,35780.0,0.0
31379,241.0,250.0,259.0,1.1,1.4,1.5,8.0,79.4,960.9,530.86,35780.0,0.0
31439,242.0,245.0,248.0,2.2,2.4,2.6,8.0,79.3,960.9,530.86,35780.0,0.0
31499,232.0,242.0,249.0,1.2,1.7,1.9,7.9,78.8,960.9,530.86,35780.0,0.0
31559,239.0,253.0,281.0,1.2,1.4,1.6,8.0,78.9,960.9,530.86,35780.0,0.0
31619,243.0,257.0,274.0,0.5,1.2,1.5,8.0,78.4,960.9,530.86,35780.0,0.0
31679,151.0,259.0,278.0,0.3,1.3,1.7,8.1,79.0,960.9,530.86,35780.0,0.0
31739,210.0,233.0,253.0,1.1,1.4,1.8,8.2,78.4,960.8,530.86,35780.0,0.0
31799,215.0,236.0,247.0,1.3,1.7,2.1,8.0,78.9,960.9,530.86,35780.0,0.0
31859,207.0,219.0,232.0,1.7,2.6,3.0,8.3,79.5,960.9,530.86,35780.0,0.0
31919,197.0,219.0,233.0,1.1,2.3,2.9,8.1,80.9,960.9,530.86,35780.0,0.0
31979,189.0,241.0,267.0,0.5,1.6,2.4,8.4,80.0,960.9,530.86,35780.0,0.0
32039,227.0,234.0,243.0,1.5,1.7,2.0,8.4,79.6,960.9,530.86,35780.0,0.0
32099,219.0,235.0,258.0,0.9,1.4,1.9,8.3,79.2,960.9,530.86,35780.0,0.0
32159,216.0,224.0,233.0,1.6,1.9,2.4,8.4,80.2,960.9,530.86,35780.0,0.0
32219,217.0,224.0,232.0,1.2,1.4,1.5,8.3,78.5,960.9,530.86,35780.0,0.0
32279,190.0,206.0,217.0,2.2,3.2,3.9,8.3,80.2,961.0,530.86,35780.0,0.0
32339,209.0,219.0,226.0,2.4,2.6,2.8,8.3,78.5,961.0,530.86,35780.0,0.0
32399,216.0,224.0,232.0,2.8,3.2,3.5,8.2,79.4,961.0,530.86,35780.0,0.0
32459,212.0,229.0,247.0,0.7,1.8,2.5,8.2,79.4,961.0,530.86,35780.0,0.0
32519,214.0,221.0,229.0,2.8,3.0,3.4,8.1,78.5,960.9,530.86,35780.0,0.0
32579,191.0,207.0,229.0,2.1,2.5,3.0,8.1,79.9,960.9,530.86,35780.0,0.0
32639,211.0,223.0,236.0,2.3,2.5,2.9,8.0,80.5,961.0,530.86,35780.0,0.0
32699,210.0,233.0,243.0,2.6,2.9,3.4,8.2,81.3,960.9,530.86,35780.0,0.0
32759,201.0,213.0,224.0,2.1,2.4,2.9,8.1,81.4,961.0,530.86,35780.0,0.0
32819,225.0,230.0,238.0,2.5,2.8,2.9,8.5,79.9,961.0,530.86,35780.0,0.0
32879,197.0,215.0,230.0,1.9,2.3,2.7,8.2,80.6,961.0,530.86,35780.0,0.0
32939,207.0,225.0,236.0,1.4,2.1,2.8,8.2,80.5,961.0,530.86,35780.0,0.0
32999,172.0,195.0,224.0,1.1,1.4,1.6,8.3,80.8,961.0,530.86,35780.0,0.0
33059,146.0,203.0,224.0,0.2,1.8,3.0,8.2,80.9,961.0,530.86,35780.0,0.0
33119,189.0,204.0,222.0,2.7,3.1,3.8,8.4,79.1,961.0,530.86,35780.0,0.0
33179,194.0,210.0,240.0,1.9,2.8,3.6,8.3,78.8,961.0,530.86,35780.0,0.0
33239,195.0,203.0,211.0,2.4,2.9,3.3,8.4,79.1,961.0,530.86,35780.0,0.0
33299,176.0,202.0,212.0,2.2,2.8,3.4,8.5,79.8,961.0,530.86,35780.0,0.0
33359,151.0,199.0,304.0,0.2,2.1,3.1,8.5,78.5,961.0,530.86,35780.0,0.0
33419,142.0,217.0,242.0,0.6,1.4,2.1,8.6,79.9,961.0,530.86,35780.0,0.0
33479,192.0,209.0,229.0,2.2,2.7,3.5,8.9,81.3,961.0,530.86,35780.0,0.0
33539,171.0,195.0,214.0,1.6,2.5,3.4,8.9,76.7,961.0,530.86,35780.0,0.0
33599,190.0,212.0,233.0,2.2,3.2,4.3,8.9,76.1,961.1,530.86,35780.0,0.0
33659,214.0,235.0,262.0,1.0,1.7,2.5,8.9,76.7,961.1,530.86,35780.0,0.0
33719,214.0,222.0,233.0,2.5,3.1,3.9,9.1,76.3,961.1,530.86,35780.0,0.0
33779,239.0,246.0,251.0,3.9,4.2,4.8,9.1,74.0,961.1,530.86,35780.0,0.0
33839,209.0,228.0,239.0,2.6,3.3,3.9,8.8,72.4,961.0,530.86,35780.0,0.0
33899,226.0,240.0,251.0,2.6,3.3,4.2,9.0,74.7,961.1,530.86,35780.0,0.0
33959,238.0,242.0,248.0,1.8,2.2,2.4,9.0,72.8,961.2,530.86,35780.0,0.0
34019,145.0,239.0,268.0,0.1,1.2,2.2,8.9,74.8,961.1,530.86,35780.0,0.0
34079,233.0,243.0,250.0,1.4,1.7,2.0,8.9,73.3,961.2,530.86,35780.0,0.0
34139,249.0,253.0,264.0,1.5,3.3,3.6,8.9,75.6,961.2,530.86,35780.0,0.0
34199,230.0,241.0,250.0,1.9,2.2,2.8,8.9,72.8,961.2,530.86,35780.0,0.0
34259,227.0,244.0,254.0,2.7,3.3,3.9,8.9,74.8,961.2,530.86,35780.0,0.0
34319,218.0,230.0,237.0,2.0,2.2,2.6,9.0,73.6,961.2,530.86,35780.0,0.0
34379,252.0,259.0,262.0,2.5,2.7,2.9,9.0,72.8,961.2,530.86,35780.0,0.0
34439,252.0,259.0,265.0,2.5,2.8,3.1,8.8,72.4,961.2,530.86,35780.0,0.0
34499,270.0,280.0,284.0,2.2,3.2,3.8,9.0,73.7,961.2,530.86,35780.0,0.0
34559,253.0,273.0,311.0,1.3,2.2,2.9,8.9,73.6,961.2,530.86,35780.0,0.0
34619,247.0,262.0,270.0,1.7,2.0,2.3,8.9,72.8,961.2,530.86,35780.0,0.0
34679,237.0,247.0,260.0,2.0,2.3,2.6,8.9,73.7,961.2,530.86,35780.0,0.0
34739,234.0,256.0,277.0,1.5,2.0,2.3,8.8,73.9,961.3,530.86,35780.0,0.0
34799,230.0,241.0,253.0,1.0,1.3,1.7,8.9,74.5,961.3,530.86,35780.0,0.0
34859,190.0,228.0,269.0,0.3,1.3,1.8,9.0,74.5,961.3,530.86,35780.0,0.0
34919,143.0,245.0,273.0,0.1,1.7,2.7,9.1,71.4,961.3,530.86,35780.0,0.0
34979,273.0,297.0,323.0,0.3,1.1,1.7,9.1,70.8,961.2,530.86,35780.0,0.0
35039,53.0,326.0,274.0,0.0,0.6,1.6,9.1,71.3,961.3,530.86,35780.0,0.0
35099,244.0,256.0,267.0,1.4,1.6,1.9,9.2,72.4,961.2,530.86,35780.0,0.0
35159,124.0,235.0,269.0,0.3,1.1,3.0,9.2,70.0,961.2,530.86,35780.0,0.0
35219,226.0,238.0,245.0,2.5,2.8,3.1,9.3,69.7,961.2,530.86,35780.0,0.0
35279,232.0,238.0,244.0,2.5,2.9,3.3,9.4,68.9,961.1,530.86,35780.0,0.0
35339,221.0,242.0,257.0,0.9,1.7,2.4,9.4,68.1,961.2,530.86,35780.0,0.0
35399,253.0,261.0,270.0,2.0,3.0,3.4,9.4,66.7,961.1,530.86,35780.0,0.0
35459,232.0,254.0,266.0,1.1,1.6,2.1,9.3,67.7,961.1,530.86,35780.0,0.0
35519,210.0,230.0,246.0,1.0,1.3,1.5,9.3,67.3,961.1,530.86,35780.0,0.0
35579,212.0,238.0,288.0,0.6,1.4,1.9,9.4,64.9,961.1,530.86,35780.0,0.0
35639,151.0,49.0,271.0,0.0,0.2,0.3,9.5,65.7,961.1,530.86,35780.0,0.0
35699,293.0,301.0,305.0,1.8,2.0,2.3,9.6,65.5,961.1,530.86,35780.0,0.0
35759,17.0,292.0,242.0,0.2,1.1,2.0,9.6,65.4,961.1,530.86,35780.0,0.0
35819,10.0,208.0,79.0,0.1,0.3,0.6,9.7,65.5,961.2,530.86,35780.0,0.0
35879,249.0,254.0,265.0,2.3,2.6,2.9,9.8,67.6,961.1,530.86,35780.0,0.0
35939,201.0,210.0,220.0,2.0,2.3,2.6,9.9,68.8,961.1,530.86,35780.0,0.0
35999,210.0,232.0,245.0,1.0,1.4,1.7,9.9,68.7,961.2,530.86,35780.0,0.0
36059,255.0,259.0,263.0,2.5,3.3,3.6,10.0,65.6,961.2,530.86,35780.0,0.0
36119,255.0,264.0,273.0,1.9,2.2,2.4,9.9,63.8,961.2,530.86,35780.0,0.0
36179,283.0,235.0,349.0,0.1,0.8,1.4,9.7,65.7,961.2,530.86,35780.0,0.0
36239,271.0,312.0,354.0,0.1,0.3,0.4,9.7,63.7,961.2,530.86,35780.0,0.0
36299,128.0,11.0,242.0,0.1,0.3,0.5,9.8,66.7,961.2,530.86,35780.0,0.0
36359,244.0,258.0,279.0,1.3,2.0,3.1,9.9,67.7,961.1,530.86,35780.0,0.0
36419,257.0,285.0,296.0,0.8,2.2,3.0,9.9,66.5,961.1,530.86,35780.0,0.0
36479,110.0,331.0,179.0,0.1,0.7,1.5,9.8,67.5,961.2,530.86,35780.0,0.0
36539,69.0,206.0,355.0,0.1,0.2,0.5,9.8,71.1,961.2,530.86,35780.0,0.0
36599,261.0,278.0,295.0,1.3,1.9,2.2,9.9,67.4,961.2,530.86,35780.0,0.0
36659,207.0,234.0,259.0,1.7,2.5,3.2,10.0,69.6,961.2,530.86,35780.0,0.0
36719,28.0,256.0,114.0,0.3,1.1,2.8,10.1,72.1,961.2,530.86,35780.0,0.0
36779,207.0,217.0,241.0,1.1,2.1,2.7,10.3,68.1,961.2,530.86,35780.0,0.0
36839,217.0,233.0,241.0,0.7,2.0,2.6,10.3,67.7,961.2,530.86,35780.0,0.0
36899,206.0,222.0,237.0,1.5,2.8,3.6,10.3,70.3,961.1,530.86,35780.0,0.0
36959,207.0,239.0,252.0,1.8,2.5,2.9,10.3,68.4,961.2,530.86,35780.0,0.0
37019,192.0,205.0,217.0,2.3,2.9,3.2,10.2,67.0,961.1,530.86,35780.0,0.0
37079,195.0,218.0,236.0,0.8,2.4,3.3,10.2,68.3,961.1,530.86,35780.0,0.0
37139,140.0,231.0,266.0,0.6,2.1,3.6,10.4,66.3,961.1,530.86,35780.0,0.0
37199,142.0,234.0,257.0,1.1,1.9,2.8,10.2,68.1,961.1,530.86,35780.0,0.0
37259,238.0,247.0,255.0,2.2,2.6,2.8,10.1,64.6,961.1,530.86,35780.0,0.0
37319,246.0,264.0,278.0,1.0,1.4,1.8,10.0,66.4,961.1,530.86,35780.0,0.0
37379,239.0,252.0,266.0,2.2,2.6,3.1,10.0,66.1,961.1,530.86,35780.0,0.0
37439,202.0,217.0,227.0,1.3,2.0,2.6,9.9,68.2,961.1,530.86,35780.0,0.0
37499,169.0,202.0,219.0,2.7,3.5,4.1,9.9,68.6,961.1,530.86,35780.0,0.0
37559,189.0,214.0,241.0,0.9,2.7,3.8,10.0,73.3,961.1,530.86,35780.0,0.0
37619,194.0,204.0,226.0,2.8,4.4,5.1,10.2,69.0,961.0,530.86,35780.0,0.0
37679,184.0,201.0,221.0,3.3,4.1,4.7,10.2,66.7,961.0,530.86,35780.0,0.0
37739,185.0,195.0,211.0,2.8,3.5,4.1,10.2,69.3,961.1,530.86,35780.0,0.0
37799,190.0,207.0,232.0,2.3,2.9,3.7,10.2,66.6,961.0,530.86,35780.0,0.0
37859,228.0,236.0,241.0,3.9,4.5,4.9,10.3,67.1,961.0,530.86,35780.0,0.0
37919,149.0,243.0,266.0,0.3,2.3,3.6,10.3,64.4,961.1,530.86,35780.0,0.0
37979,219.0,239.0,260.0,2.0,2.4,2.8,10.2,66.3,961.1,530.86,35780.0,0.0
38039,227.0,247.0,256.0,2.3,3.0,3.6,10.2,66.1,961.1,530.86,35780.0,0.0
38099,218.0,225.0,235.0,2.2,2.6,3.2,10.2,66.8,961.1,530.86,35780.0,0.0
38159,164.0,187.0,210.0,1.2,2.7,3.6,10.3,71.1,961.1,530.86,35780.0,0.0
38219,194.0,205.0,219.0,1.8,2.2,3.0,10.6,66.6,961.1,530.86,35780.0,0.0
38279,207.0,220.0,229.0,2.3,2.6,3.0,10.7,65.6,961.1,530.86,35780.0,0.0
38339,200.0,214.0,233.0,1.9,2.6,3.4,10.8,67.2,961.2,530.86,35780.0,0.0
38399,233.0,247.0,259.0,2.7,3.2,3.6,10.8,66.4,961.2,530.86,35780.0,0.0
38459,187.0,205.0,223.0,1.8,3.1,3.7,10.9,67.5,961.2,530.86,35780.0,0.0
38519,191.0,209.0,227.0,1.7,2.3,3.2,10.9,64.2,961.2,530.86,35780.0,0.0
38579,230.0,240.0,248.0,2.2,2.8,3.1,10.8,63.2,961.2,530.86,35780.0,0.0
38639,238.0,245.0,255.0,2.6,3.2,3.8,10.4,64.4,961.1,530.86,35780.0,0.0
38699,121.0,245.0,278.0,0.3,1.5,2.0,10.4,65.0,961.1,530.86,35780.0,0.0
38759,179.0,200.0,211.0,3.8,4.4,5.0,10.2,66.6,961.1,530.86,35780.0,0.0
38819,203.0,216.0,223.0,3.0,3.5,4.0,10.1,64.3,961.1,530.86,35780.0,0.0
38879,200.0,213.0,220.0,2.8,3.3,3.8,9.7,65.3,961.0,530.86,35780.0,0.0
38939,192.0,203.0,215.0,3.9,4.4,4.8,10.0,68.6,961.1,530.86,35780.0,0.0
38999,194.0,207.0,214.0,3.1,4.0,4.7,10.2,65.4,961.1,530.86,35780.0,0.0
39059,193.0,206.0,220.0,3.5,4.3,5.2,10.3,64.1,961.1,530.86,35780.0,0.0
39119,185.0,208.0,225.0,2.2,3.5,6.3,10.4,62.4,961.1,530.86,35780.0,0.0
39179,172.0,181.0,201.0,2.5,2.9,3.2,10.4,63.1,961.1,530.86,35780.0,0.0
39239,193.0,208.0,224.0,4.6,5.3,6.4,10.4,62.7,961.1,530.86,35780.0,0.0
39299,185.0,199.0,215.0,3.5,4.3,5.5,10.5,60.9,961.1,530.86,35780.0,0.0
39359,225.0,239.0,252.0,1.0,1.6,1.9,10.5,59.8,961.2,530.86,35780.0,0.0
39419,238.0,245.0,257.0,2.8,3.3,3.9,10.5,60.7,961.1,530.86,35780.0,0.0
39479,201.0,226.0,241.0,2.0,3.6,5.0,10.6,60.8,961.1,530.86,35780.0,0.0
39539,217.0,230.0,246.0,1.6,2.2,2.6,10.7,56.3,961.2,530.86,35780.0,0.0
39599,183.0,293.0,286.0,0.4,2.2,4.4,10.8,61.3,961.1,530.86,35780.0,0.0
39659,233.0,266.0,279.0,0.3,2.6,3.5,10.9,57.3,961.1,530.86,35780.0,0.0
39719,231.0,241.0,272.0,1.5,1.9,2.3,10.8,56.4,961.1,530.86,35780.0,0.0
39779,181.0,205.0,229.0,0.4,0.9,1.1,10.7,57.0,961.1,530.86,35780.0,0.0
39839,148.0,47.0,190.0,0.1,0.3,0.8,10.8,58.4,961.1,530.86,35780.0,0.0
39899,211.0,234.0,270.0,0.4,1.0,1.6,11.0,58.6,961.1,530.86,35780.0,0.0
39959,204.0,225.0,247.0,1.0,1.4,1.7,11.1,60.9,961.1,530.86,35780.0,0.0
40019,149.0,248.0,330.0,0.2,0.9,2.2,11.2,61.9,961.1,530.86,35780.0,0.0
40079,91.0,290.0,238.0,0.4,1.8,3.1,11.2,59.9,961.1,530.86,35780.0,0.0
40139,240.0,247.0,256.0,3.2,3.6,4.0,11.2,58.3,961.1,530.86,35780.0,0.0
40199,251.0,264.0,269.0,0.2,2.4,3.2,11.1,62.1,961.1,530.86,35780.0,0.0
40259,168.0,205.0,226.0,1.8,2.5,3.1,11.2,61.1,961.1,530.86,35780.0,0.0
40319,213.0,231.0,251.0,3.2,4.2,5.1,11.4,62.7,961.0,530.86,35780.0,0.0
40379,252.0,258.0,262.0,4.8,5.6,5.9,11.5,57.7,960.9,530.86,35780.0,0.0
40439,262.0,266.0,270.0,3.1,5.2,6.5,11.4,56.6,960.8,530.86,35780.0,0.0
40499,259.0,275.0,282.0,3.1,5.6,6.5,11.1,55.5,960.9,530.86,35780.0,0.0
40559,270.0,280.0,292.0,2.5,4.8,5.4,10.9,56.2,961.0,530.86,35780.0,0.0
40619,286.0,291.0,297.0,2.8,3.1,3.4,10.8,54.9,961.0,530.86,35780.0,0.0
40679,263.0,274.0,286.0,2.3,2.7,3.4,10.9,56.1,961.0,530.86,35780.0,0.0
40739,233.0,248.0,265.0,2.4,2.9,3.7,10.9,55.6,961.0,530.86,35780.0,0.0
40799,278.0,285.0,291.0,1.1,3.1,3.9,11.0,56.4,961.0,530.86,35780.0,0.0
40859,250.0,263.0,268.0,2.0,2.3,2.7,11.0,53.9,961.0,530.86,35780.0,0.0
40919,263.0,304.0,336.0,0.5,1.3,1.7,11.0,52.7,961.0,530.86,35780.0,0.0
40979,247.0,282.0,323.0,0.2,0.5,0.8,11.1,54.3,961.0,530.86,35780.0,0.0
41039,121.0,103.0,154.0,0.1,0.2,0.4,11.2,56.0,961.0,530.86,35780.0,0.0
41099,6.0,299.0,115.0,0.2,0.8,2.3,11.4,54.0,961.0,530.86,35780.0,0.0
41159,256.0,261.0,269.0,3.3,4.0,4.4,11.4,52.8,960.9,530.86,35780.0,0.0
41219,207.0,222.0,236.0,1.1,1.8,2.9,11.3,55.7,960.9,530.86,35780.0,0.0
41279,260.0,267.0,274.0,3.1,5.2,6.2,11.3,59.2,960.8,530.86,35780.0,0.0
41339,254.0,258.0,262.0,3.2,5.3,5.7,11.2,58.8,960.8,530.86,35780.0,0.0
41399,262.0,266.0,271.0,3.4,4.0,4.5,11.1,56.9,960.9,530.86,35780.0,0.0
41459,225.0,244.0,260.0,2.1,2.9,3.8,11.0,58.2,960.9,530.86,35780.0,0.0
41519,221.0,230.0,238.0,3.2,3.8,4.2,11.0,60.2,960.9,530.86,35780.0,0.0
41579,234.0,244.0,266.0,3.0,3.4,3.9,11.1,59.2,960.9,530.86,35780.0,0.0
41639,212.0,250.0,282.0,0.6,3.1,5.2,11.3,56.8,960.9,530.86,35780.0,0.0
41699,228.0,235.0,243.0,2.5,3.3,3.9,11.3,56.1,960.9,530.86,35780.0,0.0
41759,151.0,177.0,204.0,1.0,2.0,2.6,11.3,55.5,960.9,530.86,35780.0,0.0
41819,235.0,264.0,303.0,0.8,2.8,3.5,11.3,57.3,960.8,530.86,35780.0,0.0
41879,102.0,225.0,277.0,0.2,1.1,1.7,11.4,60.2,960.8,530.86,35780.0,0.0
41939,266.0,282.0,304.0,0.8,3.6,6.2,11.5,58.3,960.8,530.86,35780.0,0.0
41999,229.0,242.0,254.0,3.4,4.1,4.5,11.6,59.1,960.8,530.86,35780.0,0.0
42059,207.0,218.0,224.0,3.4,4.2,4.7,11.8,59.0,960.8,530.86,35780.0,0.0
42119,195.0,218.0,240.0,1.5,2.0,2.5,11.8,58.5,960.8,530.86,35780.0,0.0
42179,124.0,132.0,176.0,0.3,1.2,2.0,11.9,60.2,960.9,530.86,35780.0,0.0
42239,162.0,196.0,242.0,0.2,1.4,2.4,12.0,58.0,960.8,530.86,35780.0,0.0
42299,218.0,230.0,238.0,2.6,3.9,4.8,12.1,57.1,960.8,530.86,35780.0,0.0
42359,130.0,210.0,253.0,0.5,2.2,4.1,12.1,54.4,960.8,530.86,35780.0,0.0
42419,215.0,228.0,243.0,3.6,4.5,5.3,12.0,55.5,960.8,530.86,35780.0,0.0
42479,215.0,223.0,231.0,2.2,2.6,3.0,11.9,54.2,960.8,530.86,35780.0,0.0
42539,109.0,196.0,291.0,0.2,0.8,1.4,11.7,56.3,960.8,530.86,35780.0,0.0
42599,255.0,284.0,316.0,0.4,2.5,3.7,11.8,58.2,960.8,530.86,35780.0,0.0
42659,126.0,236.0,298.0,0.1,0.6,1.9,11.9,57.6,960.8,530.86,35780.0,0.0
42719,92.0,219.0,267.0,0.2,1.3,3.3,12.0,58.9,960.8,530.86,35780.0,0.0
42779,223.0,241.0,259.0,2.5,3.3,4.5,12.1,60.2,960.8,530.86,35780.0,0.0
42839,185.0,216.0,243.0,1.4,2.3,3.2,12.2,60.1,960.8,530.86,35780.0,0.0
42899,212.0,242.0,261.0,1.9,3.1,4.2,12.4,56.6,960.7,530.86,35780.0,0.0
42959,119.0,206.0,264.0,0.3,1.7,2.7,12.4,55.2,960.7,530.86,35780.0,0.0
43019,225.0,234.0,253.0,2.0,2.7,3.3,12.4,57.0,960.7,530.86,35780.0,0.0
43079,204.0,236.0,258.0,1.6,2.2,2.8,12.3,57.4,960.7,530.86,35780.0,0.0
43139,241.0,250.0,262.0,2.8,3.4,4.2,12.3,58.4,960.6,530.86,35780.0,0.0
43199,169.0,200.0,239.0,1.5,2.5,3.3,12.3,60.1,960.7,530.86,35780.0,0.0
43259,134.0,211.0,255.0,0.3,1.5,2.8,12.4,59.8,960.7,530.86,35780.0,0.0
43319,190.0,212.0,222.0,1.1,2.0,2.7,12.4,59.3,960.6,530.86,35780.0,0.0
43379,206.0,220.0,228.0,3.5,4.0,4.8,12.4,59.6,960.6,530.86,35780.0,0.0
43439,207.0,214.0,221.0,5.4,5.8,6.3,12.4,59.0,960.5,530.86,35780.0,0.0
43499,214.0,226.0,237.0,3.5,4.1,4.8,12.3,59.2,960.6,530.86,35780.0,0.0
43559,217.0,231.0,245.0,3.5,4.5,5.3,12.4,61.6,960.6,530.86,35780.0,0.0
43619,213.0,226.0,238.0,3.9,4.6,5.3,12.5,58.1,960.6,530.86,35780.0,0.0
43679,205.0,228.0,249.0,1.4,2.1,2.8,12.3,57.0,960.6,530.86,35780.0,0.0
43739,228.0,232.0,237.0,2.1,2.4,3.0,12.3,54.4,960.6,530.86,35780.0,0.0
43799,248.0,264.0,271.0,1.7,2.1,2.4,12.1,54.9,960.6,530.86,35780.0,0.0
43859,194.0,209.0,223.0,1.3,2.7,3.5,11.9,57.1,960.6,530.86,35780.0,0.0
43919,221.0,239.0,279.0,1.6,2.6,3.1,11.8,57.4,960.6,530.86,35780.0,0.0
43979,241.0,251.0,261.0,3.3,3.7,4.1,11.8,57.1,960.6,530.86,35780.0,0.0
44039,8.0,239.0,181.0,0.1,1.9,3.3,11.6,59.7,960.6,530.86,35780.0,0.0
44099,184.0,200.0,225.0,2.2,3.3,4.1,11.7,60.0,960.6,530.86,35780.0,0.0
44159,214.0,222.0,230.0,3.7,4.4,5.1,11.8,58.5,960.5,530.86,35780.0,0.0
44219,229.0,237.0,244.0,2.5,2.7,3.0,11.8,54.8,960.5,530.86,35780.0,0.0
44279,233.0,245.0,261.0,1.7,2.1,2.6,11.6,55.2,960.5,530.86,35780.0,0.0
44339,233.0,248.0,257.0,3.0,3.6,3.9,11.5,57.2,960.5,530.86,35780.0,0.0
44399,231.0,240.0,257.0,2.7,3.3,3.8,11.5,59.2,960.5,530.86,35780.0,0.0
44459,231.0,244.0,256.0,3.6,4.3,4.7,11.6,59.3,960.4,530.86,35780.0,0.0
44519,186.0,211.0,226.0,3.5,4.5,5.6,11.7,61.0,960.5,530.86,35780.0,0.0
44579,133.0,157.0,185.0,1.7,2.4,3.1,11.7,60.0,960.5,530.86,35780.0,0.0
44639,161.0,170.0,182.0,2.2,2.6,3.2,11.5,60.9,960.5,530.86,35780.0,0.0
44699,186.0,198.0,224.0,3.1,4.2,4.8,11.5,64.0,960.5,530.86,35780.0,0.0
44759,165.0,179.0,192.0,3.1,4.7,7.0,11.6,64.3,960.4,530.86,35780.0,0.0
44819,182.0,187.0,196.0,4.6,5.0,5.6,11.5,63.1,960.4,530.86,35780.0,0.0
44879,162.0,186.0,207.0,2.6,3.2,3.7,11.4,63.9,960.4,530.86,35780.0,0.0
44939,152.0,161.0,171.0,3.8,4.8,5.6,11.1,65.1,960.4,530.86,35780.0,0.0
44999,128.0,161.0,206.0,0.4,2.7,3.7,11.1,66.0,960.4,530.86,35780.0,0.0
45059,205.0,220.0,230.0,2.2,3.3,4.0,11.2,66.6,960.4,530.86,35780.0,0.0
45119,225.0,233.0,244.0,3.2,3.8,4.2,11.2,64.1,960.4,530.86,35780.0,0.0
45179,223.0,236.0,243.0,2.4,2.9,3.3,11.2,64.1,960.4,530.86,35780.0,0.0
45239,241.0,253.0,265.0,1.0,1.9,2.2,11.1,65.2,960.4,530.86,35780.0,0.0
45299,221.0,240.0,265.0,1.1,1.7,2.6,11.2,66.6,960.4,530.86,35780.0,0.0
45359,160.0,191.0,210.0,1.0,1.6,2.2,11.3,63.5,960.4,530.86,35780.0,0.0
45419,171.0,191.0,202.0,3.3,3.9,4.5,11.3,64.1,960.4,530.86,35780.0,0.0
45479,187.0,210.0,232.0,2.9,4.0,4.9,11.4,64.3,960.4,530.86,35780.0,0.0
45539,214.0,219.0,223.0,2.5,3.1,3.5,11.6,62.0,960.3,530.86,35780.0,0.0
45599,215.0,227.0,237.0,2.1,2.5,3.2,11.3,62.7,960.3,530.86,35780.0,0.0
45659,216.0,227.0,240.0,3.2,4.3,4.6,11.2,64.6,960.4,530.86,35780.0,0.0
45719,231.0,243.0,255.0,1.9,2.4,2.9,11.2,63.0,960.3,530.86,35780.0,0.0
45779,189.0,211.0,246.0,1.2,3.0,3.9,11.1,64.4,960.3,530.86,35780.0,0.0
45839,216.0,236.0,254.0,1.2,2.8,3.6,11.2,66.6,960.3,530.86,35780.0,0.0
45899,237.0,242.0,247.0,5.3,6.5,7.1,11.5,64.5,960.1,530.86,35780.0,0.0
45959,233.0,243.0,253.0,3.2,5.4,6.4,11.5,63.2,960.2,530.86,35780.0,0.0
46019,226.0,240.0,255.0,3.5,4.6,5.5,11.4,63.7,960.2,530.86,35780.0,0.0
46079,222.0,240.0,264.0,3.2,3.8,4.9,11.4,64.7,960.2,530.86,35780.0,0.0
46139,217.0,229.0,242.0,3.6,4.7,5.7,11.4,65.2,960.1,530.86,35780.0,0.0
46199,212.0,237.0,258.0,5.0,5.7,7.0,11.5,64.4,960.1,530.86,35780.0,0.0
46259,236.0,243.0,254.0,6.4,7.7,8.8,11.4,64.1,959.9,530.86,35780.0,0.0
46319,198.0,221.0,249.0,3.2,5.6,7.8,11.3,65.0,960.1,530.86,35780.0,0.0
46379,221.0,231.0,240.0,5.5,6.1,6.6,11.3,65.3,960.1,530.86,35780.0,0.0
46439,211.0,219.0,226.0,3.4,3.7,4.3,11.3,61.8,960.1,530.86,35780.0,0.0
46499,194.0,206.0,224.0,3.5,4.4,5.4,11.2,65.3,960.2,530.86,35780.0,0.0
46559,202.0,218.0,225.0,3.0,4.2,5.0,11.2,65.2,960.1,530.86,35780.0,0.0
46619,175.0,196.0,217.0,3.2,5.1,7.5,11.3,65.6,960.2,530.86,35780.0,0.0
46679,206.0,215.0,232.0,4.3,5.4,6.1,11.3,65.2,960.1,530.86,35780.0,0.0
46739,194.0,210.0,230.0,4.1,5.5,7.1,11.3,64.5,960.1,530.86,35780.0,0.0
46799,182.0,207.0,229.0,2.3,4.7,7.0,11.2,65.9,960.1,530.86,35780.0,0.0
46859,214.0,223.0,231.0,7.6,8.5,9.4,11.3,66.4,959.8,530.86,35780.0,0.0
46919,210.0,220.0,240.0,5.8,7.5,9.1,11.0,67.3,959.9,530.86,35780.0,0.0
46979,215.0,222.0,227.0,6.3,7.6,9.6,10.9,66.1,959.8,530.86,35780.0,0.0
47039,207.0,216.0,224.0,6.7,7.7,9.1,10.9,69.5,960.0,530.86,35780.0,0.0
47099,189.0,204.0,216.0,5.6,7.8,9.0,11.0,68.0,960.1,530.86,35780.0,0.0
47159,185.0,191.0,199.0,5.7,6.8,8.5,11.0,66.8,960.1,530.86,35780.0,0.0
47219,213.0,230.0,242.0,4.7,6.6,7.8,11.0,66.6,960.0,530.86,35780.0,0.0
47279,228.0,235.0,242.0,5.4,5.9,6.3,11.0,66.4,960.0,530.86,35780.0,0.0
47339,208.0,215.0,225.0,4.8,5.7,6.3,10.7,65.9,960.1,530.86,35780.0,0.0
47399,214.0,228.0,251.0,4.8,6.2,7.2,10.9,66.9,960.1,530.86,35780.0,0.0
47459,217.0,229.0,238.0,6.0,6.8,8.5,10.7,66.5,960.0,530.86,35780.0,0.0
47519,195.0,206.0,228.0,5.2,6.6,8.0,10.6,67.8,960.1,530.86,35780.0,0.0
47579,176.0,198.0,206.0,4.3,5.1,6.4,10.6,68.6,960.1,530.86,35780.0,0.0
47639,184.0,196.0,209.0,4.0,6.1,9.4,10.7,66.4,960.1,530.86,35780.0,0.0
47699,196.0,206.0,214.0,5.7,6.5,7.3,10.5,67.0,960.0,530.86,35780.0,0.0
47759,188.0,193.0,199.0,4.6,5.6,6.5,10.6,67.1,960.1,530.86,35780.0,0.0
47819,208.0,221.0,257.0,4.3,4.8,5.2,10.6,68.1,960.1,530.86,35780.0,0.0
47879,197.0,211.0,218.0,4.9,6.9,9.4,10.8,69.7,959.9,530.86,35780.0,0.0
47939,200.0,205.0,213.0,6.7,7.3,8.6,11.0,66.8,960.0,530.86,35780.0,0.0
47999,211.0,222.0,235.0,3.8,4.3,5.1,10.8,66.2,960.1,530.86,35780.0,0.0
48059,212.0,223.0,241.0,4.5,5.2,5.8,10.9,66.4,960.0,530.86,35780.0,0.0
48119,176.0,197.0,218.0,2.9,4.4,5.4,10.9,67.1,960.1,530.86,35780.0,0.0
48179,191.0,211.0,230.0,3.1,4.2,4.9,11.0,67.7,960.1,530.86,35780.0,0.0
48239,176.0,194.0,202.0,4.4,5.6,6.5,11.2,65.8,960.0,530.86,35780.0,0.0
48299,194.0,197.0,200.0,4.7,5.1,5.6,11.2,64.5,960.0,530.86,35780.0,0.0
48359,187.0,197.0,205.0,5.6,6.5,8.2,11.0,66.3,960.0,530.86,35780.0,0.0
48419,187.0,200.0,211.0,4.2,4.9,5.5,10.9,65.7,960.0,530.86,35780.0,0.0
48479,213.0,226.0,234.0,2.8,3.5,3.8,11.0,68.0,960.1,530.86,35780.0,0.0
48539,191.0,205.0,213.0,3.1,3.9,4.4,11.2,65.8,960.1,530.86,35780.0,0.0
48599,138.0,217.0,333.0,0.6,3.6,5.3,11.2,66.5,960.1,530.86,35780.0,0.0
48659,235.0,242.0,250.0,4.5,5.2,6.1,11.4,63.7,960.0,530.86,35780.0,0.0
48719,209.0,228.0,245.0,3.0,3.9,5.1,11.5,66.8,960.1,530.86,35780.0,0.0
48779,208.0,218.0,227.0,4.0,4.5,5.2,11.7,62.6,960.1,530.86,35780.0,0.0
48839,226.0,238.0,247.0,3.6,5.5,6.8,11.6,65.7,960.1,530.86,35780.0,0.0
48899,214.0,250.0,262.0,1.1,3.2,4.0,11.5,65.7,960.1,530.86,35780.0,0.0
48959,213.0,220.0,227.0,4.6,5.1,5.5,11.5,65.1,960.2,530.86,35780.0,0.0
49019,224.0,231.0,241.0,4.0,4.8,5.8,11.5,66.9,960.1,530.86,35780.0,0.0
49079,203.0,211.0,222.0,2.9,3.6,4.3,11.5,66.9,960.1,530.86,35780.0,0.0
49139,217.0,223.0,234.0,3.9,4.5,5.1,11.5,66.3,960.1,530.86,35780.0,0.0
49199,193.0,212.0,230.0,3.9,5.1,6.2,11.5,67.7,960.1,530.86,35780.0,0.0
49259,188.0,199.0,205.0,4.3,4.9,5.6,11.3,64.9,960.1,530.86,35780.0,0.0
49319,188.0,199.0,207.0,4.1,5.0,6.3,11.2,65.6,960.1,530.86,35780.0,0.0
49379,200.0,206.0,210.0,4.1,4.6,5.0,11.1,66.0,960.1,530.86,35780.0,0.0
49439,164.0,184.0,194.0,4.6,5.3,5.7,11.0,68.2,960.1,530.86,35780.0,0.0
49499,172.0,186.0,200.0,3.4,4.3,5.7,11.1,67.0,960.1,530.86,35780.0,0.0
49559,206.0,215.0,235.0,4.2,5.0,5.7,11.3,68.3,960.1,530.86,35780.0,0.0
49619,174.0,205.0,217.0,4.3,5.3,6.5,11.5,67.6,960.1,530.86,35780.0,0.0
49679,174.0,195.0,212.0,4.6,5.1,5.9,11.6,66.3,960.1,530.86,35780.0,0.0
49739,209.0,232.0,257.0,2.6,3.3,4.5,11.4,67.9,960.1,530.86,35780.0,0.0
49799,234.0,246.0,256.0,3.4,4.2,4.9,11.3,67.1,960.0,530.86,35780.0,0.0
49859,230.0,241.0,250.0,2.7,3.7,4.4,11.3,68.1,960.1,530.86,35780.0,0.0
49919,212.0,226.0,241.0,4.2,4.9,6.1,11.3,68.0,960.1,530.86,35780.0,0.0
49979,185.0,197.0,220.0,4.0,5.2,6.0,11.4,68.6,960.1,530.86,35780.0,0.0
50039,195.0,211.0,230.0,4.1,4.8,5.5,11.4,65.5,960.1,530.86,35780.0,0.0
50099,209.0,221.0,242.0,5.2,5.8,6.1,11.4,68.2,960.1,530.86,35780.0,0.0
50159,233.0,236.0,241.0,6.3,6.6,7.0,11.5,67.2,960.0,530.86,35780.0,0.0
50219,229.0,239.0,252.0,3.1,3.6,4.4,11.3,65.3,960.2,530.86,35780.0,0.0
50279,207.0,223.0,234.0,3.9,4.4,4.9,11.0,67.2,960.1,530.86,35780.0,0.0
50339,220.0,229.0,241.0,5.1,6.3,7.3,10.8,67.6,960.0,530.86,35780.0,0.0
50399,199.0,218.0,232.0,4.9,5.6,6.4,11.0,68.1,960.0,530.86,35780.0,0.0
50459,204.0,219.0,232.0,3.9,4.9,6.1,11.0,69.1,960.1,530.86,35780.0,0.0
50519,232.0,248.0,263.0,3.8,4.5,5.5,11.0,67.5,960.0,530.86,35780.0,0.0
50579,186.0,210.0,241.0,3.3,4.6,5.6,10.9,68.5,960.1,530.86,35780.0,0.0
50639,184.0,192.0,207.0,3.8,4.5,5.1,11.0,66.7,960.1,530.86,35780.0,0.0
50699,202.0,212.0,229.0,6.2,6.8,7.5,11.0,67.2,960.0,530.86,35780.0,0.0
50759,210.0,225.0,236.0,4.4,5.1,5.9,11.0,67.2,960.1,530.86,35780.0,0.0
50819,218.0,228.0,239.0,3.8,4.2,4.7,11.0,69.0,960.1,530.86,35780.0,0.0
50879,214.0,228.0,237.0,4.1,4.7,5.2,11.3,68.7,960.1,530.86,35780.0,0.0
50939,235.0,250.0,260.0,3.0,3.4,4.1,11.4,66.1,960.1,530.86,35780.0,0.0
50999,221.0,234.0,247.0,2.6,3.3,3.7,11.4,67.0,960.1,530.86,35780.0,0.0
51059,207.0,219.0,241.0,3.8,5.1,6.4,11.4,67.6,960.1,530.86,35780.0,0.0
51119,215.0,228.0,249.0,4.4,5.3,6.2,11.5,66.6,960.1,530.86,35780.0,0.0
51179,197.0,212.0,238.0,2.0,3.2,4.8,11.5,66.8,960.1,530.86,35780.0,0.0
51239,187.0,206.0,222.0,5.4,6.7,7.6,11.6,67.1,960.1,530.86,35780.0,0.0
51299,199.0,211.0,223.0,4.1,4.9,6.2,11.6,66.9,960.1,530.86,35780.0,0.0
51359,200.0,211.0,221.0,4.5,5.2,5.8,11.6,63.9,960.1,530.86,35780.0,0.0
51419,204.0,213.0,223.0,4.7,5.5,6.1,11.5,64.7,960.1,530.86,35780.0,0.0
51479,202.0,219.0,235.0,3.8,4.7,6.3,11.4,65.4,960.1,530.86,35780.0,0.0
51539,199.0,209.0,217.0,3.1,3.6,4.3,11.4,64.9,960.2,530.86,35780.0,0.0
51599,223.0,229.0,244.0,5.0,5.5,6.0,11.5,64.1,960.1,530.86,35780.0,0.0
51659,214.0,230.0,241.0,4.9,5.7,6.6,11.4,67.2,960.1,530.86,35780.0,0.0
51719,216.0,220.0,222.0,4.7,5.1,5.3,11.4,64.6,960.1,530.86,35780.0,0.0
51779,197.0,213.0,227.0,2.6,3.5,4.7,11.3,66.3,960.2,530.86,35780.0,0.0
51839,177.0,188.0,196.0,4.3,5.7,6.5,11.2,66.7,960.2,530.86,35780.0,0.0
51899,207.0,209.0,212.0,5.1,5.3,5.5,11.2,66.0,960.2,530.86,35780.0,0.0
51959,191.0,205.0,222.0,2.5,2.9,3.3,11.1,66.9,960.2,530.86,35780.0,0.0
52019,154.0,186.0,221.0,1.1,2.0,3.0,11.1,70.3,960.3,530.86,35780.0,0.0
52079,116.0,216.0,243.0,0.9,2.6,3.6,11.5,71.2,960.2,530.86,35780.0,0.0
52139,193.0,215.0,235.0,2.5,3.9,5.1,11.9,65.8,960.2,530.86,35780.0,0.0
52199,189.0,226.0,248.0,2.7,3.8,4.7,12.1,66.3,960.2,530.86,35780.0,0.0
52259,193.0,214.0,231.0,2.4,3.9,4.7,12.4,65.1,960.2,530.86,35780.0,0.0
52319,179.0,197.0,215.0,2.9,3.6,4.3,12.4,65.0,960.2,530.86,35780.0,0.0
52379,200.0,223.0,240.0,5.4,6.1,7.3,12.4,62.8,960.1,530.86,35780.0,0.0
52439,184.0,206.0,225.0,3.0,3.6,4.4,12.4,63.7,960.2,530.86,35780.0,0.0
52499,223.0,244.0,249.0,2.8,4.4,5.2,12.3,63.6,960.2,530.86,35780.0,0.0
52559,247.0,267.0,281.0,0.9,2.8,4.9,12.2,63.6,960.1,530.86,35780.0,0.0
52619,242.0,252.0,261.0,2.7,3.3,3.9,12.0,63.1,960.2,530.86,35780.0,0.0
52679,186.0,223.0,247.0,3.0,4.3,5.9,11.9,63.8,960.2,530.86,35780.0,0.0
52739,225.0,238.0,250.0,4.4,4.7,5.1,12.0,64.1,960.1,530.86,35780.0,0.0
52799,202.0,210.0,218.0,5.0,5.5,6.1,12.0,61.4,960.2,530.86,35780.0,0.0
52859,205.0,216.0,231.0,0.9,3.3,4.3,11.7,63.2,960.2,530.86,35780.0,0.0
52919,216.0,224.0,231.0,3.0,3.6,4.2,11.6,65.0,960.3,530.86,35780.0,0.0
52979,234.0,244.0,257.0,4.4,5.2,6.0,11.7,65.5,960.2,530.86,35780.0,0.0
53039,213.0,217.0,223.0,3.4,3.8,4.7,11.8,63.0,960.3,530.86,35780.0,0.0
53099,211.0,235.0,249.0,3.0,3.5,4.4,11.7,65.8,960.2,530.86,35780.0,0.0
53159,215.0,231.0,247.0,3.4,4.5,5.4,11.8,64.3,960.3,530.86,35780.0,0.0
53219,219.0,223.0,228.0,3.9,4.4,4.6,12.0,61.6,960.3,530.86,35780.0,0.0
53279,204.0,209.0,217.0,3.4,4.1,4.8,11.8,64.2,960.3,530.86,35780.0,0.0
53339,210.0,218.0,228.0,2.6,3.0,3.3,11.7,61.9,960.3,530.86,35780.0,0.0
53399,191.0,207.0,215.0,2.5,2.8,3.4,11.6,62.4,960.3,530.86,35780.0,0.0
53459,173.0,205.0,234.0,2.4,3.3,4.2,11.6,63.7,960.3,530.86,35780.0,0.0
53519,186.0,212.0,238.0,1.3,3.4,4.3,11.7,66.0,960.2,530.86,35780.0,0.0
53579,225.0,244.0,261.0,1.0,2.4,3.2,12.1,61.4,960.2,530.86,35780.0,0.0
53639,209.0,233.0,259.0,1.4,2.2,2.6,12.1,62.9,960.3,530.86,35780.0,0.0
53699,119.0,220.0,265.0,0.1,0.8,1.3,12.2,61.4,960.2,530.86,35780.0,0.0
53759,239.0,248.0,262.0,2.3,2.8,3.3,12.2,60.4,960.2,530.86,35780.0,0.0
53819,193.0,224.0,245.0,2.7,3.7,4.5,12.2,62.8,960.2,530.86,35780.0,0.0
53879,219.0,231.0,241.0,2.7,3.4,4.1,12.3,60.4,960.2,530.86,35780.0,0.0
53939,202.0,224.0,253.0,2.4,3.0,3.4,12.3,61.7,960.2,530.86,35780.0,0.0
53999,208.0,229.0,245.0,2.5,3.8,5.3,12.3,61.9,960.2,530.86,35780.0,0.0
54059,227.0,236.0,247.0,3.7,4.1,4.7,12.3,59.9,960.2,530.86,35780.0,0.0
54119,217.0,227.0,240.0,1.2,3.1,3.7,12.1,61.1,960.2,530.86,35780.0,0.0
54179,189.0,204.0,218.0,1.9,2.2,2.5,11.9,60.6,960.2,530.86,35780.0,0.0
54239,240.0,249.0,261.0,4.7,5.3,6.0,11.8,61.7,960.1,530.86,35780.0,0.0
54299,230.0,243.0,253.0,3.6,4.8,5.9,11.8,61.3,960.1,530.86,35780.0,0.0
54359,233.0,246.0,259.0,4.1,4.4,4.8,11.8,61.5,960.1,530.86,35780.0,0.0
54419,193.0,261.0,292.0,1.3,2.5,3.8,11.8,62.3,960.2,530.86,35780.0,0.0
54479,232.0,261.0,272.0,1.1,2.6,3.3,11.9,60.8,960.2,530.86,35780.0,0.0
54539,233.0,250.0,259.0,2.4,3.5,4.3,11.8,62.2,960.2,530.86,35780.0,0.0
54599,244.0,253.0,266.0,2.9,3.5,4.0,11.9,61.4,960.2,530.86,35780.0,0.0
54659,230.0,246.0,255.0,2.9,3.5,4.1,12.0,62.1,960.2,530.86,35780.0,0.0
54719,260.0,277.0,290.0,1.9,2.8,3.4,12.1,59.7,960.2,530.86,35780.0,0.0
54779,226.0,254.0,293.0,0.6,2.6,3.9,12.0,60.6,960.2,530.86,35780.0,0.0
54839,261.0,276.0,329.0,0.5,1.1,1.4,12.0,59.8,960.3,530.86,35780.0,0.0
54899,128.0,215.0,252.0,0.5,2.0,3.4,11.9,62.8,960.2,530.86,35780.0,0.0
54959,166.0,195.0,215.0,3.2,3.8,4.6,12.1,60.1,960.2,530.86,35780.0,0.0
55019,208.0,225.0,246.0,2.8,3.3,4.1,12.0,60.8,960.2,530.86,35780.0,0.0
55079,225.0,237.0,246.0,2.1,4.4,5.5,12.1,62.5,960.2,530.86,35780.0,0.0
55139,135.0,224.0,252.0,0.8,3.1,4.6,12.1,60.4,960.2,530.86,35780.0,0.0
55199,237.0,241.0,248.0,4.3,5.0,5.5,12.3,60.9,960.2,530.86,35780.0,0.0
55259,210.0,228.0,243.0,2.0,3.3,4.0,12.3,60.8,960.2,530.86,35780.0,0.0
55319,207.0,219.0,243.0,4.3,4.7,5.3,12.3,60.0,960.2,530.86,35780.0,0.0
55379,197.0,211.0,225.0,1.6,2.7,3.4,12.3,59.0,960.3,530.86,35780.0,0.0
55439,192.0,223.0,241.0,3.2,3.9,4.7,12.2,60.6,960.2,530.86,35780.0,0.0
55499,194.0,224.0,255.0,2.8,3.3,4.0,12.2,59.9,960.3,530.86,35780.0,0.0
55559,225.0,235.0,249.0,3.0,4.8,6.3,12.1,63.0,960.2,530.86,35780.0,0.0
55619,241.0,247.0,251.0,4.5,5.0,5.5,12.2,59.1,960.2,530.86,35780.0,0.0
55679,223.0,236.0,251.0,3.1,4.8,5.7,12.1,61.1,960.2,530.86,35780.0,0.0
55739,212.0,218.0,222.0,4.6,5.5,6.3,12.1,61.6,960.2,530.86,35780.0,0.0
55799,213.0,217.0,222.0,4.6,5.3,5.8,12.0,60.9,960.2,530.86,35780.0,0.0
55859,195.0,210.0,221.0,2.6,3.0,3.5,11.9,61.0,960.2,530.86,35780.0,0.0
55919,214.0,226.0,241.0,2.6,3.4,4.2,11.8,61.9,960.2,530.86,35780.0,0.0
55979,211.0,220.0,228.0,5.5,6.0,6.3,11.8,62.0,960.1,530.86,35780.0,0.0
56039,215.0,225.0,235.0,3.9,4.6,5.2,11.8,62.3,960.2,530.86,35780.0,0.0
56099,236.0,246.0,263.0,3.2,5.3,7.4,11.7,62.7,960.1,530.86,35780.0,0.0
56159,212.0,224.0,234.0,3.9,5.7,6.6,11.7,62.3,960.1,530.86,35780.0,0.0
56219,240.0,251.0,264.0,4.4,5.9,7.1,11.7,63.1,960.1,530.86,35780.0,0.0
56279,237.0,262.0,281.0,0.9,3.6,6.7,11.7,61.9,960.1,530.86,35780.0,0.0
56339,249.0,257.0,265.0,4.8,5.7,6.7,11.6,63.4,960.1,530.86,35780.0,0.0
56399,220.0,244.0,263.0,2.7,5.1,6.9,11.5,63.9,960.1,530.86,35780.0,0.0
56459,250.0,261.0,268.0,3.8,5.9,7.6,11.6,62.7,960.0,530.86,35780.0,0.0
56519,240.0,255.0,264.0,3.4,4.8,5.4,11.5,62.5,960.1,530.86,35780.0,0.0
56579,246.0,258.0,268.0,5.0,5.3,5.7,11.3,63.3,960.0,530.86,35780.0,0.0
56639,135.0,231.0,336.0,1.0,2.8,4.6,11.2,64.9,960.1,530.86,35780.0,0.0
56699,219.0,236.0,245.0,4.0,4.5,4.9,11.4,64.8,960.1,530.86,35780.0,0.0
56759,223.0,238.0,251.0,3.2,4.0,4.9,11.5,64.8,960.1,530.86,35780.0,0.0
56819,206.0,216.0,223.0,2.5,3.2,3.6,11.6,62.2,960.2,530.86,35780.0,0.0
56879,226.0,241.0,253.0,3.9,4.4,5.1,11.6,64.8,960.1,530.86,35780.0,0.0
56939,228.0,233.0,237.0,2.0,2.4,2.9,11.6,62.8,960.2,530.86,35780.0,0.0
56999,189.0,208.0,232.0,3.0,4.4,5.6,11.4,65.0,960.1,530.86,35780.0,0.0
57059,197.0,207.0,216.0,3.7,4.1,4.8,11.4,62.5,960.1,530.86,35780.0,0.0
57119,169.0,190.0,222.0,1.0,2.1,2.8,11.3,63.6,960.1,530.86,35780.0,0.0
57179,222.0,232.0,247.0,1.6,2.9,3.5,11.2,65.1,960.2,530.86,35780.0,0.0
57239,195.0,205.0,214.0,3.1,5.8,7.8,11.4,66.4,960.2,530.86,35780.0,0.0
57299,215.0,223.0,233.0,4.7,5.4,6.1,11.6,65.0,960.1,530.86,35780.0,0.0
57359,218.0,227.0,236.0,4.5,4.7,5.0,11.4,62.4,960.1,530.86,35780.0,0.0
57419,211.0,222.0,232.0,2.9,3.4,4.3,11.4,63.8,960.1,530.86,35780.0,0.0
57479,189.0,199.0,208.0,5.3,6.1,7.2,11.4,63.8,960.1,530.86,35780.0,0.0
57539,221.0,234.0,251.0,5.4,6.1,6.7,11.3,64.4,959.9,530.86,35780.0,0.0
57599,193.0,200.0,203.0,5.2,5.7,6.4,11.2,63.7,960.0,530.86,35780.0,0.0
57659,200.0,212.0,226.0,3.6,4.2,4.9,11.0,65.5,960.1,530.86,35780.0,0.0
57719,220.0,229.0,234.0,4.7,4.9,5.3,10.8,64.5,960.0,530.86,35780.0,0.0
57779,218.0,236.0,251.0,4.7,5.3,6.0,10.7,65.7,960.0,530.86,35780.0,0.0
57839,222.0,230.0,240.0,4.7,5.2,6.0,10.5,65.1,959.9,530.86,35780.0,0.0
57899,221.0,229.0,236.0,3.6,4.3,4.6,10.7,65.3,960.0,530.86,35780.0,0.0
57959,203.0,211.0,217.0,4.5,5.3,5.7,10.7,65.0,960.0,530.86,35780.0,0.0
58019,204.0,209.0,213.0,3.0,3.9,4.4,10.7,64.7,960.1,530.86,35780.0,0.0
58079,142.0,190.0,221.0,1.2,1.8,2.8,10.7,64.9,960.1,530.86,35780.0,0.0
58139,181.0,210.0,287.0,0.9,1.8,2.6,10.8,65.0,960.1,530.86,35780.0,0.0
58199,233.0,240.0,248.0,3.8,4.5,5.0,10.9,65.9,960.0,530.86,35780.0,0.0
58259,217.0,221.0,227.0,4.5,4.9,5.5,11.1,63.8,960.0,530.86,35780.0,0.0
58319,243.0,250.0,256.0,3.5,4.1,5.1,11.1,63.4,960.0,530.86,35780.0,0.0
58379,202.0,220.0,234.0,3.4,4.2,4.8,11.0,64.7,960.0,530.86,35780.0,0.0
58439,228.0,236.0,248.0,4.9,5.8,6.9,11.0,65.3,959.9,530.86,35780.0,0.0
58499,244.0,252.0,258.0,4.4,5.0,5.5,10.9,65.3,959.9,530.86,35780.0,0.0
58559,220.0,235.0,250.0,3.6,4.7,5.3,10.9,65.5,960.0,530.86,35780.0,0.0
58619,210.0,220.0,231.0,2.8,3.2,3.9,10.9,65.9,960.0,530.86,35780.0,0.0
58679,222.0,236.0,246.0,3.8,4.4,5.0,10.9,65.5,960.0,530.86,35780.0,0.0
58739,199.0,213.0,222.0,2.6,3.5,4.6,10.9,66.5,960.0,530.86,35780.0,0.0
58799,198.0,207.0,224.0,2.8,3.6,4.6,11.0,65.9,960.0,530.86,35780.0,0.0
58859,207.0,216.0,223.0,3.0,3.3,3.6,11.0,64.3,959.9,530.86,35780.0,0.0
58919,198.0,211.0,221.0,2.2,3.3,4.5,10.9,66.3,960.0,530.86,35780.0,0.0
58979,218.0,229.0,241.0,2.3,2.8,3.3,10.9,65.8,960.0,530.86,35780.0,0.0
59039,204.0,213.0,218.0,2.3,2.7,3.3,11.0,65.0,960.0,530.86,35780.0,0.0
59099,224.0,241.0,270.0,2.5,2.9,3.3,11.0,65.3,960.0,530.86,35780.0,0.0
59159,200.0,215.0,224.0,2.2,2.9,3.3,11.0,65.8,960.0,530.86,35780.0,0.0
59219,211.0,223.0,229.0,2.4,2.7,3.0,11.0,65.0,960.0,530.86,35780.0,0.0
59279,209.0,217.0,233.0,1.7,2.2,3.1,10.9,66.6,960.0,530.86,35780.0,0.0
59339,215.0,234.0,252.0,3.4,3.9,4.5,11.0,67.2,959.9,530.86,35780.0,0.0
59399,205.0,216.0,228.0,3.9,4.4,4.7,11.0,65.9,959.8,530.86,35780.0,0.0
59459,192.0,214.0,229.0,3.2,4.6,5.8,11.0,67.0,959.8,530.86,35780.0,0.0
59519,219.0,228.0,235.0,3.8,4.2,4.6,11.0,66.1,959.8,530.86,35780.0,0.0
59579,206.0,220.0,230.0,3.8,4.6,5.6,11.0,67.4,959.8,530.86,35780.0,0.0
59639,185.0,191.0,196.0,2.8,3.0,3.3,11.0,65.4,959.8,530.86,35780.0,0.0
59699,189.0,207.0,222.0,3.6,4.2,4.9,10.8,67.1,959.9,530.86,35780.0,0.0
59759,212.0,219.0,230.0,2.0,2.4,2.6,10.8,66.9,959.9,530.86,35780.0,0.0
59819,224.0,233.0,245.0,1.8,2.2,2.7,10.7,67.8,960.0,530.86,35780.0,0.0
59879,217.0,228.0,249.0,1.9,2.5,3.3,10.8,67.8,960.0,530.86,35780.0,0.0
59939,138.0,235.0,257.0,0.7,1.8,2.4,10.9,67.9,960.0,530.86,35780.0,0.0
59999,191.0,212.0,227.0,2.1,2.7,3.2,11.0,67.8,960.0,530.86,35780.0,0.0
60059,208.0,217.0,228.0,3.7,4.2,5.0,11.1,66.6,960.0,530.86,35780.0,0.0
60119,198.0,209.0,218.0,3.2,4.0,4.7,11.0,66.3,960.0,530.86,35780.0,0.0
60179,209.0,220.0,236.0,2.1,2.6,3.0,10.8,67.4,960.0,530.86,35780.0,0.0
60239,177.0,194.0,212.0,1.5,2.2,3.5,10.7,68.5,960.0,530.86,35780.0,0.0
60299,164.0,199.0,219.0,1.7,2.5,3.7,10.7,68.7,960.0,530.86,35780.0,0.0
60359,187.0,201.0,222.0,2.7,4.0,4.7,10.7,68.4,960.0,530.86,35780.0,0.0
60419,206.0,227.0,249.0,2.2,2.9,3.7,10.7,68.6,960.1,530.86,35780.0,0.0
60479,208.0,225.0,241.0,2.6,3.3,3.9,10.8,69.4,960.1,530.86,35780.0,0.0
60539,199.0,211.0,223.0,2.3,2.7,3.2,10.9,67.8,960.1,530.86,35780.0,0.0
60599,169.0,191.0,204.0,2.4,2.9,3.4,10.8,68.3,960.1,530.86,35780.0,0.0
60659,203.0,215.0,228.0,3.2,3.7,4.3,10.8,68.3,960.1,530.86,35780.0,0.0
60719,199.0,210.0,219.0,3.4,4.3,5.4,10.8,67.9,960.0,530.86,35780.0,0.0
60779,199.0,207.0,212.0,4.0,4.3,4.7,10.7,68.2,960.0,530.86,35780.0,0.0
60839,183.0,189.0,201.0,2.5,2.9,3.6,10.6,68.4,960.0,530.86,35780.0,0.0
60899,188.0,199.0,202.0,4.4,4.7,5.0,10.3,68.7,960.0,530.86,35780.0,0.0
60959,204.0,210.0,221.0,3.1,3.5,4.2,10.2,68.9,960.1,530.86,35780.0,0.0
61019,200.0,204.0,207.0,3.4,3.7,4.1,10.0,70.2,960.0,530.86,35780.0,0.0
61079,195.0,198.0,204.0,3.4,3.9,4.3,10.2,69.6,960.0,530.86,35780.0,0.0
61139,158.0,190.0,201.0,2.1,2.5,2.9,10.1,69.5,960.1,530.86,35780.0,0.0
61199,174.0,183.0,192.0,2.4,2.9,3.4,10.1,70.0,960.1,530.86,35780.0,0.0
61259,172.0,183.0,190.0,3.2,4.0,5.0,9.9,69.4,960.0,530.86,35780.0,0.0
61319,172.0,176.0,178.0,3.3,3.6,3.8,10.1,69.1,960.1,530.86,35780.0,0.0
61379,165.0,176.0,187.0,3.0,3.7,4.4,10.1,69.2,960.1,530.86,35780.0,0.0
61439,159.0,170.0,177.0,2.7,3.1,3.5,9.8,69.2,960.1,530.86,35780.0,0.0
61499,175.0,188.0,201.0,2.1,3.0,3.8,10.1,69.8,960.1,530.86,35780.0,0.0
61559,185.0,205.0,217.0,2.4,2.7,3.0,10.1,69.4,960.1,530.86,35780.0,0.0
61619,191.0,198.0,208.0,3.3,3.9,4.8,10.1,69.7,960.1,530.86,35780.0,0.0
61679,181.0,200.0,211.0,3.7,4.5,5.9,10.2,69.6,960.1,530.86,35780.0,0.0
61739,190.0,200.0,208.0,3.6,4.1,4.5,10.0,69.2,960.2,530.86,35780.0,0.0
61798,169.0,183.0,205.0,2.9,4.0,4.6,10.1,69.4,960.2,530.86,35780.0,0.0
61859,192.0,195.0,198.0,3.9,4.1,4.3,10.0,69.1,960.2,530.86,35780.0,0.0
61919,194.0,209.0,224.0,2.7,3.2,3.6,9.9,70.1,960.2,530.86,35780.0,0.0
61979,211.0,215.0,220.0,3.8,4.0,4.4,10.0,69.8,960.2,530.86,35780.0,0.0
62039,176.0,192.0,205.0,2.7,3.3,3.7,10.0,69.8,960.2,530.86,35780.0,0.0
62099,180.0,202.0,215.0,1.8,3.4,4.4,10.0,70.1,960.3,530.86,35780.0,0.0
62159,194.0,200.0,206.0,3.9,4.3,4.7,10.1,69.2,960.2,530.86,35780.0,0.0
62219,208.0,217.0,225.0,3.8,4.1,4.4,10.0,68.7,960.2,530.86,35780.0,0.0
62279,200.0,211.0,224.0,2.5,3.0,3.7,9.9,70.0,960.3,530.86,35780.0,0.0
62338,205.0,214.0,225.0,2.2,2.7,4.1,10.0,70.3,960.3,530.86,35780.0,0.0
62399,182.0,201.0,220.0,2.1,3.1,4.3,10.0,69.7,960.3,530.86,35780.0,0.0
62459,182.0,191.0,201.0,3.6,3.9,4.1,9.9,69.1,960.4,530.86,35780.0,0.0
62518,171.0,189.0,202.0,2.7,3.4,3.9,10.0,69.7,960.4,530.86,35780.0,0.0
62578,180.0,189.0,199.0,2.9,4.1,4.9,9.7,69.5,960.4,530.86,35780.0,0.0
62638,181.0,189.0,199.0,3.2,4.4,5.2,9.8,69.1,960.4,530.86,35780.0,0.0
62698,177.0,184.0,191.0,3.8,4.5,5.1,9.8,69.2,960.4,530.86,35780.0,0.0
62758,179.0,195.0,207.0,1.4,2.7,3.4,9.7,69.5,960.4,530.86,35780.0,0.0
62818,162.0,180.0,192.0,2.7,3.3,4.1,9.6,69.4,960.4,530.86,35780.0,0.0
62879,188.0,193.0,201.0,4.0,4.8,5.4,9.7,69.5,960.3,530.86,35780.0,0.0
62938,186.0,191.0,198.0,3.7,4.4,5.4,9.6,69.4,960.3,530.86,35780.0,0.0
62999,187.0,196.0,207.0,3.3,3.8,4.1,9.4,69.8,960.4,530.86,35780.0,0.0
63058,204.0,214.0,226.0,2.9,3.4,3.9,9.5,70.6,960.4,530.86,35780.0,0.0
63119,172.0,196.0,212.0,1.3,2.7,3.6,9.5,70.1,960.4,530.86,35780.0,0.0
63178,176.0,182.0,193.0,3.3,3.8,4.0,9.4,70.2,960.4,530.86,35780.0,0.0
63239,177.0,188.0,209.0,2.1,2.9,3.5,9.3,70.9,960.3,530.86,35780.0,0.0
63298,181.0,192.0,199.0,2.4,2.6,2.8,9.5,70.0,960.4,530.86,35780.0,0.0
63359,185.0,192.0,196.0,2.7,2.9,3.2,9.2,70.2,960.4,530.86,35780.0,0.0
63418,189.0,195.0,200.0,3.1,3.4,4.0,9.3,69.6,960.5,530.86,35780.0,0.0
63478,166.0,171.0,175.0,3.5,3.7,4.0,9.4,70.3,960.5,530.86,35780.0,0.0
63539,168.0,179.0,185.0,3.1,3.4,3.8,9.3,70.2,960.5,530.86,35780.0,0.0
63598,171.0,181.0,184.0,2.7,3.1,3.4,9.7,69.4,960.6,530.86,35780.0,0.0
63658,173.0,182.0,191.0,2.6,2.9,3.3,9.3,70.3,960.5,530.86,35780.0,0.0
63718,179.0,183.0,192.0,2.3,2.6,3.0,9.3,70.1,960.5,530.86,35780.0,0.0
63779,192.0,199.0,215.0,3.0,3.7,4.2,9.3,70.6,960.5,530.86,35780.0,0.0
63839,183.0,187.0,191.0,3.3,3.5,3.9,9.3,70.3,960.5,530.86,35780.0,0.0
63898,179.0,191.0,210.0,2.1,2.8,3.4,9.2,71.0,960.6,530.86,35780.0,0.0
63958,188.0,195.0,199.0,2.5,2.6,2.8,9.2,70.4,960.5,530.86,35780.0,0.0
64018,189.0,200.0,207.0,2.6,2.9,3.1,9.3,71.0,960.5,530.86,35780.0,0.0
64078,178.0,190.0,208.0,2.2,3.1,3.9,9.3,71.3,960.5,530.86,35780.0,0.0
64138,169.0,174.0,181.0,3.1,3.6,4.2,9.2,70.6,960.5,530.86,35780.0,0.0
64198,185.0,190.0,203.0,2.7,2.9,3.2,9.5,70.8,960.5,530.86,35780.0,0.0
64258,190.0,197.0,205.0,2.8,3.2,3.5,9.2,71.4,960.5,530.86,35780.0,0.0
64319,196.0,207.0,216.0,2.5,3.2,3.6,9.2,71.3,960.5,530.86,35780.0,0.0
64378,190.0,199.0,210.0,3.6,4.2,4.7,9.1,71.2,960.5,530.86,35780.0,0.0
64438,195.0,200.0,210.0,3.6,3.8,4.0,9.1,71.6,960.5,530.86,35780.0,0.0
64498,194.0,200.0,203.0,3.3,3.5,3.8,9.0,71.6,960.5,530.86,35780.0,0.0
64558,188.0,199.0,208.0,2.1,2.6,3.1,8.9,72.0,960.5,530.86,35780.0,0.0
64618,195.0,202.0,211.0,3.0,3.1,3.4,9.0,72.5,960.5,530.86,35780.0,0.0
64678,191.0,194.0,199.0,2.7,2.9,3.1,8.7,72.7,960.4,530.86,35780.0,0.0
64738,178.0,199.0,216.0,2.5,3.0,3.3,8.8,72.0,960.4,530.86,35780.0,0.0
64798,197.0,200.0,206.0,2.8,3.1,3.3,8.9,72.3,960.4,530.86,35780.0,0.0
64858,177.0,182.0,189.0,2.5,2.9,3.2,8.9,72.8,960.4,530.86,35780.0,0.0
64918,159.0,185.0,195.0,3.0,3.4,4.1,8.8,72.5,960.4,530.86,35780.0,0.0
64978,168.0,177.0,184.0,2.8,3.0,3.3,8.8,73.1,960.4,530.86,35780.0,0.0
65039,179.0,185.0,189.0,3.3,3.5,3.7,8.8,73.1,960.4,530.86,35780.0,0.0
65098,185.0,188.0,193.0,3.2,3.3,3.6,8.6,72.9,960.4,530.86,35780.0,0.0
65158,172.0,184.0,193.0,2.9,3.3,3.7,8.7,73.5,960.4,530.86,35780.0,0.0
65219,180.0,186.0,192.0,3.0,3.2,3.4,8.6,73.6,960.4,530.86,35780.0,0.0
65279,173.0,178.0,182.0,3.4,3.7,4.0,8.5,73.5,960.5,530.86,35780.0,0.0
65338,165.0,175.0,182.0,3.6,3.8,4.2,8.5,74.2,960.5,530.86,35780.0,0.0
65398,170.0,177.0,183.0,2.8,3.2,3.4,8.5,74.3,960.5,530.86,35780.0,0.0
65458,171.0,180.0,185.0,3.4,3.8,4.2,8.4,74.1,960.5,530.86,35780.0,0.0
65518,166.0,179.0,190.0,1.9,2.5,2.8,8.5,74.7,960.5,530.86,35780.0,0.0
65578,180.0,188.0,194.0,2.7,3.1,3.4,8.5,74.9,960.5,530.86,35780.0,0.0
65638,181.0,186.0,191.0,2.7,3.0,3.2,8.4,74.7,960.5,530.86,35780.0,0.0
65698,190.0,196.0,201.0,2.8,3.1,3.4,8.4,75.7,960.4,530.86,35780.0,0.0
65758,188.0,194.0,199.0,2.5,2.7,3.0,8.4,75.5,960.5,530.86,35780.0,0.0
65818,193.0,199.0,207.0,2.6,2.8,3.2,8.3,75.2,960.5,530.86,35780.0,0.0
65878,193.0,202.0,209.0,2.5,3.4,3.7,8.1,76.9,960.4,530.86,35780.0,0.0
65938,199.0,205.0,211.0,2.9,3.2,3.4,8.4,75.8,960.5,530.86,35780.0,0.0
65998,199.0,204.0,208.0,2.7,2.9,3.1,8.3,75.4,960.5,530.86,35780.0,0.0
66058,193.0,204.0,215.0,1.8,2.2,2.6,8.4,76.0,960.5,530.86,35780.0,0.0
66118,185.0,194.0,204.0,1.9,2.3,2.6,8.3,75.9,960.5,530.86,35780.0,0.0
66178,183.0,194.0,203.0,1.7,2.5,3.0,8.2,75.7,960.5,530.86,35780.0,0.0
66238,184.0,194.0,202.0,1.9,2.2,2.4,8.3,76.0,960.5,530.86,35780.0,0.0
66298,171.0,181.0,191.0,2.1,2.3,2.6,8.2,76.4,960.5,530.86,35780.0,0.0
66358,184.0,189.0,195.0,2.5,2.8,3.1,8.2,76.0,960.5,530.86,35780.0,0.0
66418,183.0,187.0,191.0,2.6,2.9,3.1,8.2,76.6,960.6,530.86,35780.0,0.0
66478,163.0,181.0,190.0,2.2,2.5,2.7,8.2,76.7,960.6,530.86,35780.0,0.0
66538,163.0,172.0,180.0,2.4,2.8,3.3,8.1,76.5,960.6,530.86,35780.0,0.0
66598,166.0,172.0,176.0,2.9,3.1,3.4,8.2,77.1,960.6,530.86,35780.0,0.0
66658,168.0,172.0,177.0,2.4,2.8,3.0,8.2,77.1,960.6,530.86,35780.0,0.0
66718,163.0,168.0,176.0,2.3,2.6,2.8,8.1,76.9,960.6,530.86,35780.0,0.0
66778,154.0,162.0,174.0,2.6,2.8,3.0,8.1,77.5,960.6,530.86,35780.0,0.0
66838,158.0,165.0,170.0,1.9,2.1,2.2,8.1,77.6,960.5,530.86,35780.0,0.0
66898,159.0,166.0,172.0,1.5,1.8,1.9,8.1,77.6,960.5,530.86,35780.0,0.0
66958,161.0,177.0,185.0,1.2,1.6,1.9,8.1,77.6,960.6,530.86,35780.0,0.0
67018,178.0,181.0,186.0,1.6,1.8,1.9,8.0,77.2,960.6,530.86,35780.0,0.0
67078,175.0,186.0,205.0,1.4,1.5,1.6,8.1,77.7,960.6,530.86,35780.0,0.0
67138,168.0,192.0,203.0,1.1,1.8,2.1,8.1,77.6,960.6,530.86,35780.0,0.0
67198,176.0,186.0,193.0,1.7,1.8,2.0,7.9,78.0,960.5,530.86,35780.0,0.0
67259,170.0,177.0,181.0,1.6,1.8,2.1,8.1,77.7,960.6,530.86,35780.0,0.0
67319,160.0,164.0,171.0,1.2,1.5,1.8,8.0,77.3,960.6,530.86,35780.0,0.0
67379,147.0,155.0,161.0,1.3,1.6,1.9,8.1,77.6,960.6,530.86,35780.0,0.0
67439,144.0,153.0,163.0,1.4,1.6,1.8,7.9,78.0,960.5,530.86,35780.0,0.0
67499,142.0,148.0,153.0,1.6,1.7,1.8,8.1,77.7,960.6,530.86,35780.0,0.0
67559,141.0,144.0,147.0,1.6,1.7,1.8,8.1,77.8,960.6,530.86,35780.0,0.0
67618,142.0,146.0,153.0,1.5,1.6,1.7,8.1,77.9,960.6,530.86,35780.0,0.0
67678,142.0,151.0,157.0,1.7,1.8,1.9,8.1,78.0,960.6,530.86,35780.0,0.0
67738,145.0,152.0,154.0,1.5,1.7,1.8,7.7,79.2,960.6,530.86,35780.0,0.0
67798,155.0,158.0,161.0,1.4,1.5,1.6,8.1,78.1,960.7,530.86,35780.0,0.0
67858,148.0,155.0,162.0,1.2,1.3,1.4,8.1,78.1,960.6,530.86,35780.0,0.0
67918,151.0,157.0,161.0,1.3,1.4,1.4,8.0,78.1,960.6,530.86,35780.0,0.0
67978,144.0,150.0,154.0,1.2,1.3,1.4,8.0,78.1,960.6,530.86,35780.0,0.0
68038,173.0,178.0,182.0,1.3,1.5,1.5,8.0,78.5,960.6,530.86,35780.0,0.0
68098,171.0,174.0,179.0,1.7,1.8,2.0,8.1,78.2,960.7,530.86,35780.0,0.0
68158,189.0,195.0,199.0,1.6,1.8,2.1,8.0,77.8,960.6,530.86,35780.0,0.0
68218,185.0,188.0,191.0,1.5,1.6,1.7,8.1,78.0,960.7,530.86,35780.0,0.0
68278,193.0,199.0,202.0,1.7,1.8,1.9,8.0,77.9,960.7,530.86,35780.0,0.0
68338,192.0,194.0,199.0,1.7,1.9,1.9,8.1,78.3,960.6,530.86,35780.0,0.0
68398,192.0,197.0,206.0,1.6,1.8,1.9,8.1,78.3,960.7,530.86,35780.0,0.0
68458,192.0,199.0,211.0,1.5,1.7,1.9,8.0,77.8,960.6,530.86,35780.0,0.0
68518,184.0,190.0,194.0,1.9,2.3,2.6,8.1,78.2,960.6,530.86,35780.0,0.0
68578,176.0,183.0,189.0,1.8,2.1,2.3,8.1,78.2,960.7,530.86,35780.0,0.0
68638,177.0,182.0,186.0,1.7,1.9,2.1,8.0,77.9,960.7,530.86,35780.0,0.0
68698,175.0,184.0,189.0,2.2,2.4,2.7,8.1,78.3,960.7,530.86,35780.0,0.0
68758,176.0,179.0,181.0,2.4,2.5,2.5,7.9,78.7,960.7,530.86,35780.0,0.0
68818,173.0,176.0,181.0,2.7,2.8,3.0,8.0,78.3,960.7,530.86,35780.0,0.0
68878,174.0,178.0,182.0,2.8,2.9,3.0,8.0,78.4,960.7,530.86,35780.0,0.0
68938,171.0,174.0,180.0,2.3,2.6,2.8,7.9,78.6,960.7,530.86,35780.0,0.0
68998,169.0,174.0,181.0,2.1,2.3,2.4,7.9,78.6,960.8,530.86,35780.0,0.0
69058,163.0,169.0,175.0,2.3,2.4,2.6,8.0,78.6,960.8,530.86,35780.0,0.0
69118,164.0,169.0,172.0,1.7,1.8,1.9,7.9,78.2,960.8,530.86,35780.0,0.0
69178,156.0,159.0,164.0,1.7,1.8,2.0,8.0,78.6,960.8,530.86,35780.0,0.0
69238,151.0,157.0,161.0,1.3,1.5,1.7,7.9,78.9,960.8,530.86,35780.0,0.0
69298,151.0,156.0,163.0,1.3,1.5,1.5,8.0,78.5,960.8,530.86,35780.0,0.0
69358,159.0,172.0,186.0,1.1,1.3,1.4,8.0,78.5,960.8,530.86,35780.0,0.0
69418,163.0,169.0,173.0,1.5,1.6,1.8,8.0,78.5,960.7,530.86,35780.0,0.0
69478,163.0,166.0,170.0,1.6,1.7,1.8,8.0,78.2,960.7,530.86,35780.0,0.0
69538,154.0,170.0,185.0,1.4,1.7,2.0,8.0,77.6,960.7,530.86,35780.0,0.0
69598,173.0,181.0,184.0,1.8,2.0,2.1,8.0,78.2,960.7,530.86,35780.0,0.0
69658,173.0,178.0,184.0,1.8,2.2,2.5,8.1,78.2,960.7,530.86,35780.0,0.0
69718,168.0,176.0,187.0,1.6,1.7,2.0,8.0,77.9,960.8,530.86,35780.0,0.0
69778,166.0,172.0,176.0,1.8,1.9,2.0,8.0,78.3,960.8,530.86,35780.0,0.0
69838,161.0,166.0,171.0,1.6,1.8,2.0,8.3,78.1,960.8,530.86,35780.0,0.0
69898,149.0,157.0,166.0,1.2,1.4,1.5,8.0,78.4,960.8,530.86,35780.0,0.0
69958,116.0,128.0,138.0,1.0,1.2,1.3,8.0,78.4,960.8,530.86,35780.0,0.0
70018,81.0,108.0,130.0,0.7,0.9,1.3,8.0,78.6,960.8,530.86,35780.0,0.0
70078,59.0,62.0,69.0,0.9,1.1,1.2,7.9,78.7,960.8,530.86,35780.0,0.0
70138,81.0,350.0,231.0,0.0,0.3,0.6,7.9,79.0,960.8,530.86,35780.0,0.0
70198,151.0,167.0,179.0,0.4,0.5,0.7,7.9,79.4,960.8,530.86,35780.0,0.0
70258,94.0,174.0,329.0,0.0,0.2,0.4,7.7,79.9,960.7,530.86,35780.0,0.0
70318,152.0,184.0,209.0,0.1,0.1,0.2,7.9,79.4,960.8,530.86,35780.0,0.0
70378,22.0,311.0,207.0,0.0,0.1,0.1,7.9,79.4,960.7,530.86,35780.0,0.0
70438,122.0,168.0,207.0,0.0,0.1,0.3,7.9,79.3,960.8,530.86,35780.0,0.0
70498,151.0,196.0,217.0,0.2,0.4,0.5,7.9,79.4,960.8,530.86,35780.0,0.0
70558,138.0,172.0,192.0,0.3,0.4,0.6,7.9,79.6,960.8,530.86,35780.0,0.0
70618,183.0,196.0,207.0,0.3,0.5,0.5,7.9,79.9,960.8,530.86,35780.0,0.0
70678,177.0,188.0,204.0,0.7,0.8,0.8,7.9,80.0,960.8,530.86,35780.0,0.0
70738,166.0,178.0,195.0,0.4,0.6,0.7,7.9,80.2,960.8,530.86,35780.0,0.0
70798,141.0,157.0,171.0,0.8,0.8,0.9,8.0,80.4,960.8,530.86,35780.0,0.0
70858,129.0,137.0,140.0,0.8,0.9,1.0,8.0,80.5,960.8,530.86,35780.0,0.0
70918,95.0,110.0,116.0,0.8,0.9,1.0,8.0,80.4,960.8,530.86,35780.0,0.0
70978,81.0,83.0,86.0,1.0,1.0,1.0,7.9,80.3,960.8,530.86,35780.0,0.0
71038,66.0,74.0,82.0,0.8,1.0,1.1,7.9,79.8,960.8,530.86,35780.0,0.0
71098,85.0,92.0,106.0,0.8,0.9,1.0,7.8,80.1,960.8,530.86,35780.0,0.0
71158,101.0,105.0,110.0,0.9,1.0,1.1,7.7,81.0,960.8,530.86,35780.0,0.0
71218,97.0,103.0,111.0,1.1,1.2,1.3,7.8,80.3,960.8,530.86,35780.0,0.0
71278,111.0,120.0,129.0,1.1,1.2,1.3,7.6,80.9,960.8,530.86,35780.0,0.0
71338,94.0,100.0,109.0,1.3,1.5,1.8,7.8,80.9,960.8,530.86,35780.0,0.0
71398,95.0,104.0,112.0,1.2,1.4,1.6,7.8,80.9,960.8,530.86,35780.0,0.0
71458,94.0,102.0,110.0,1.1,1.1,1.3,7.7,80.7,960.9,530.86,35780.0,0.0
71518,114.0,122.0,127.0,1.0,1.1,1.2,7.8,81.1,960.8,530.86,35780.0,0.0
71578,112.0,117.0,120.0,0.9,1.0,1.1,7.8,81.3,960.9,530.86,35780.0,0.0
71638,147.0,151.0,157.0,0.9,1.0,1.1,7.8,81.3,960.9,530.86,35780.0,0.0
71698,136.0,149.0,157.0,0.9,1.0,1.1,7.8,81.3,960.9,530.86,35780.0,0.0
71758,137.0,146.0,157.0,0.7,0.7,0.8,7.8,81.4,960.9,530.86,35780.0,0.0
71818,145.0,155.0,166.0,0.8,1.0,1.1,7.8,81.2,960.9,530.86,35780.0,0.0
71878,142.0,146.0,151.0,0.9,1.0,1.2,7.8,81.3,960.9,530.86,35780.0,0.0
71938,138.0,149.0,161.0,1.0,1.1,1.3,7.8,81.5,960.9,530.86,35780.0,0.0
71998,158.0,165.0,176.0,1.2,1.3,1.5,7.8,81.4,960.9,530.86,35780.0,0.0
72058,178.0,181.0,183.0,0.9,1.0,1.1,7.8,81.4,960.9,530.86,35780.0,0.0
72118,161.0,167.0,174.0,1.2,1.3,1.5,7.8,81.2,960.9,530.86,35780.0,0.0
72178,142.0,154.0,164.0,1.4,1.6,1.9,7.9,81.6,960.9,530.86,35780.0,0.0
72238,153.0,158.0,162.0,1.5,1.6,1.8,7.8,81.6,960.9,530.86,35780.0,0.0
72298,152.0,159.0,164.0,1.7,1.8,1.9,7.9,81.8,960.9,530.86,35780.0,0.0
72358,150.0,153.0,157.0,1.4,1.6,1.7,7.9,81.6,960.9,530.86,35780.0,0.0
72418,151.0,155.0,158.0,1.3,1.4,1.5,7.9,81.7,960.9,530.86,35780.0,0.0
72478,154.0,157.0,161.0,1.3,1.4,1.4,7.8,81.6,960.9,530.86,35780.0,0.0
72538,155.0,155.0,158.0,1.0,1.0,1.1,7.5,83.0,960.8,530.86,35780.0,0.0
72598,149.0,154.0,159.0,1.0,1.1,1.2,7.8,81.6,960.9,530.86,35780.0,0.0
72658,151.0,164.0,174.0,0.8,0.9,1.0,7.6,82.3,960.9,530.86,35780.0,0.0
72718,167.0,173.0,180.0,0.7,0.7,0.8,7.8,81.9,960.9,530.86,35780.0,0.0
72778,178.0,181.0,184.0,0.7,0.8,0.8,7.7,81.6,960.9,530.86,35780.0,0.0
72838,182.0,188.0,195.0,0.7,0.9,1.1,7.8,82.0,960.9,530.86,35780.0,0.0
72898,177.0,183.0,189.0,1.2,1.4,1.6,7.8,81.6,961.0,530.86,35780.0,0.0
72958,173.0,179.0,187.0,1.5,1.6,1.7,7.8,82.6,961.0,530.86,35780.0,0.0
73018,168.0,171.0,177.0,1.5,1.6,1.8,7.8,82.1,961.0,530.86,35780.0,0.0
73078,172.0,175.0,177.0,1.9,2.0,2.2,7.8,81.8,961.0,530.86,35780.0,0.0
73138,161.0,165.0,167.0,2.1,2.1,2.2,7.8,82.0,961.1,530.86,35780.0,0.0
73198,160.0,162.0,164.0,2.2,2.3,2.4,7.8,82.0,961.0,530.86,35780.0,0.0
73258,167.0,170.0,172.0,2.0,2.1,2.1,7.8,82.6,961.1,530.86,35780.0,0.0
73318,157.0,160.0,162.0,2.0,2.1,2.2,7.8,82.2,961.0,530.86,35780.0,0.0
73378,157.0,160.0,162.0,1.7,1.8,1.9,7.7,82.1,961.1,530.86,35780.0,0.0
73438,157.0,160.0,163.0,1.8,1.9,2.0,7.8,82.4,961.1,530.86,35780.0,0.0
73498,153.0,155.0,161.0,1.5,1.7,1.8,7.7,82.7,961.0,530.86,35780.0,0.0
73558,152.0,158.0,171.0,1.4,1.6,1.8,7.8,82.4,961.1,530.86,35780.0,0.0
73618,143.0,149.0,154.0,1.5,1.6,1.7,7.8,82.1,961.1,530.86,35780.0,0.0
73678,145.0,154.0,159.0,1.6,1.8,1.9,7.7,82.3,961.1,530.86,35780.0,0.0
73738,139.0,144.0,150.0,1.9,2.1,2.3,7.7,82.3,961.1,530.86,35780.0,0.0
73798,135.0,141.0,148.0,1.4,1.6,1.8,7.7,82.6,961.1,530.86,35780.0,0.0
73858,141.0,147.0,151.0,1.8,1.9,2.0,7.7,82.2,961.1,530.86,35780.0,0.0
73918,141.0,147.0,155.0,1.6,1.7,1.8,7.6,82.9,961.0,530.86,35780.0,0.0
73978,143.0,150.0,156.0,1.8,2.0,2.1,7.8,82.4,961.1,530.86,35780.0,0.0
74038,152.0,158.0,164.0,1.7,2.0,2.1,7.8,82.5,961.1,530.86,35780.0,0.0
74098,140.0,149.0,155.0,1.3,1.4,1.6,7.5,82.8,961.1,530.86,35780.0,0.0
74158,146.0,149.0,155.0,1.4,1.6,1.7,7.8,82.4,961.1,530.86,35780.0,0.0
74218,128.0,135.0,141.0,1.5,1.7,2.0,7.7,82.0,961.2,530.86,35780.0,0.0
74278,123.0,126.0,130.0,1.4,1.7,1.8,7.7,82.2,961.1,530.86,35780.0,0.0
74338,132.0,143.0,151.0,1.5,1.7,1.9,7.7,82.3,961.1,530.86,35780.0,0.0
74398,107.0,127.0,143.0,1.1,1.9,2.8,7.9,82.2,961.1,530.86,35780.0,0.0
74458,144.0,146.0,149.0,2.8,3.1,3.3,7.7,82.4,961.2,530.86,35780.0,0.0
74518,131.0,139.0,145.0,1.9,2.1,2.2,7.6,82.0,961.2,530.86,35780.0,0.0
74578,141.0,147.0,151.0,1.5,1.6,1.8,7.7,82.8,961.2,530.86,35780.0,0.0
74638,125.0,129.0,133.0,2.0,2.1,2.3,7.7,82.7,961.2,530.86,35780.0,0.0
74698,99.0,110.0,121.0,1.5,1.8,2.2,7.5,83.3,961.1,530.86,35780.0,0.0
74758,83.0,106.0,132.0,0.9,1.2,1.6,7.7,83.0,961.2,530.86,35780.0,0.0
74818,112.0,116.0,119.0,2.2,2.5,2.7,7.6,82.9,961.1,530.86,35780.0,0.0
74878,93.0,114.0,149.0,1.4,1.7,2.2,7.7,83.4,961.1,530.86,35780.0,0.0
74938,106.0,122.0,140.0,1.4,2.0,2.5,7.5,83.9,961.1,530.86,35780.0,0.0
74998,115.0,123.0,131.0,1.6,2.1,2.3,7.7,83.7,961.1,530.86,35780.0,0.0
75058,103.0,123.0,137.0,1.4,2.0,2.6,7.7,83.6,961.2,530.86,35780.0,0.0
75118,108.0,116.0,127.0,1.3,1.7,2.0,7.6,83.3,961.2,530.86,35780.0,0.0
75178,121.0,128.0,137.0,1.8,2.1,2.4,7.7,83.7,961.1,530.86,35780.0,0.0
75238,124.0,132.0,140.0,2.6,2.9,3.2,7.5,84.0,961.1,530.86,35780.0,0.0
75298,123.0,126.0,131.0,2.5,2.6,2.7,7.6,83.2,961.1,530.86,35780.0,0.0
75358,128.0,135.0,141.0,3.0,3.3,3.7,7.6,83.6,961.1,530.86,35780.0,0.0
75418,126.0,132.0,137.0,2.9,3.2,3.7,7.6,83.2,961.1,530.86,35780.0,0.0
75478,131.0,138.0,147.0,2.8,3.0,3.3,7.6,83.7,961.1,530.86,35780.0,0.0
75538,133.0,138.0,145.0,2.6,2.9,3.1,7.5,83.7,961.2,530.86,35780.0,0.0
75598,137.0,143.0,149.0,3.3,3.5,3.6,7.5,83.3,961.2,530.86,35780.0,0.0
75658,138.0,147.0,155.0,3.0,3.3,3.6,7.6,83.8,961.2,530.86,35780.0,0.0
75718,141.0,146.0,149.0,3.2,3.5,3.8,7.5,83.3,961.2,530.86,35780.0,0.0
75778,138.0,144.0,154.0,2.9,3.3,3.7,7.6,83.7,961.2,530.86,35780.0,0.0
75838,138.0,144.0,148.0,2.9,3.1,3.5,7.6,83.7,961.2,530.86,35780.0,0.0
75898,135.0,144.0,151.0,2.0,2.5,3.3,7.5,83.4,961.2,530.86,35780.0,0.0
75958,131.0,140.0,145.0,2.7,3.1,3.5,7.6,83.9,961.2,530.86,35780.0,0.0
76018,132.0,142.0,155.0,2.4,2.8,3.6,7.3,84.2,961.1,530.86,35780.0,0.0
76078,133.0,137.0,140.0,3.2,3.5,3.6,7.5,83.0,961.2,530.86,35780.0,0.0
76138,130.0,140.0,143.0,3.7,4.2,4.6,7.5,83.4,961.2,530.86,35780.0,0.0
76198,130.0,138.0,146.0,3.1,3.4,3.6,7.4,83.6,961.2,530.86,35780.0,0.0
76258,153.0,159.0,165.0,3.3,3.7,4.1,7.4,83.4,961.2,530.86,35780.0,0.0
76318,135.0,144.0,151.0,2.7,3.5,4.1,7.5,83.2,961.2,530.86,35780.0,0.0
76378,136.0,140.0,149.0,3.5,4.0,4.4,7.4,82.3,961.3,530.86,35780.0,0.0
76438,143.0,151.0,155.0,3.8,4.2,4.5,7.5,82.4,961.2,530.86,35780.0,0.0
76498,130.0,136.0,143.0,2.7,4.0,5.1,7.5,82.6,961.2,530.86,35780.0,0.0
76558,126.0,136.0,144.0,3.4,3.9,4.9,7.4,82.2,961.2,530.86,35780.0,0.0
76618,125.0,136.0,145.0,3.9,4.6,5.3,7.5,82.4,961.2,530.86,35780.0,0.0
76678,114.0,131.0,143.0,3.7,4.8,5.6,7.3,81.1,961.2,530.86,35780.0,0.0
76738,107.0,127.0,142.0,4.2,4.7,5.2,7.4,81.7,961.2,530.86,35780.0,0.0
76798,104.0,120.0,131.0,4.4,5.7,6.4,7.3,81.8,961.2,530.86,35780.0,0.0
76858,116.0,122.0,137.0,4.8,5.4,6.2,7.3,81.2,961.2,530.86,35780.0,0.0
76918,114.0,125.0,137.0,2.6,3.6,4.9,7.3,81.9,961.2,530.86,35780.0,0.0
76978,110.0,124.0,140.0,3.1,4.1,5.2,7.3,82.0,961.2,530.86,35780.0,0.0
77038,105.0,121.0,136.0,3.1,4.2,5.0,7.2,81.7,961.2,530.86,35780.0,0.0
77098,112.0,128.0,139.0,2.7,3.7,5.1,7.3,81.9,961.2,530.86,35780.0,0.0
77158,117.0,127.0,137.0,3.3,3.9,4.7,7.3,81.7,961.2,530.86,35780.0,0.0
77218,85.0,106.0,118.0,4.3,5.3,6.1,7.2,80.9,961.2,530.86,35780.0,0.0
77278,105.0,125.0,137.0,3.2,4.6,5.5,7.3,79.9,961.2,530.86,35780.0,0.0
77338,105.0,112.0,116.0,3.9,4.5,5.1,7.3,80.1,961.2,530.86,35780.0,0.0
77398,95.0,106.0,119.0,3.1,4.2,5.0,7.3,80.1,961.2,530.86,35780.0,0.0
77458,90.0,104.0,120.0,2.4,3.7,4.5,7.4,80.6,961.2,530.86,35780.0,0.0
77518,90.0,101.0,126.0,2.9,4.0,5.0,7.4,80.5,961.2,530.86,35780.0,0.0
77578,81.0,97.0,107.0,3.4,4.4,5.0,7.3,79.6,961.2,530.86,35780.0,0.0
77638,100.0,111.0,120.0,3.7,4.5,5.0,7.4,79.8,961.3,530.86,35780.0,0.0
77698,101.0,113.0,126.0,3.0,4.0,4.7,7.3,79.3,961.3,530.86,35780.0,0.0
77758,106.0,113.0,120.0,4.0,4.2,4.7,7.3,79.4,961.3,530.86,35780.0,0.0
77818,117.0,122.0,127.0,4.3,4.7,5.1,7.4,79.9,961.3,530.86,35780.0,0.0
77878,93.0,104.0,119.0,4.3,4.7,5.0,7.3,79.1,961.3,530.86,35780.0,0.0
77938,116.0,128.0,133.0,3.8,4.4,4.9,7.2,80.0,961.3,530.86,35780.0,0.0
77998,96.0,106.0,118.0,2.8,3.3,3.8,7.4,80.1,961.3,530.86,35780.0,0.0
78058,88.0,100.0,113.0,3.3,3.9,4.8,7.3,80.0,961.4,530.86,35780.0,0.0
78118,87.0,104.0,130.0,2.5,3.5,4.7,7.3,80.6,961.3,530.86,35780.0,0.0
78178,90.0,99.0,105.0,4.4,5.0,5.8,7.2,80.5,961.3,530.86,35780.0,0.0
78238,96.0,103.0,108.0,4.5,4.8,5.2,7.2,80.2,961.4,530.86,35780.0,0.0
78298,96.0,99.0,103.0,4.1,4.6,5.2,7.2,80.7,961.4,530.86,35780.0,0.0
78358,87.0,95.0,102.0,4.0,4.7,5.1,7.2,80.4,961.4,530.86,35780.0,0.0
78418,88.0,96.0,102.0,3.5,4.5,5.1,7.2,80.6,961.4,530.86,35780.0,0.0
78478,87.0,97.0,109.0,3.5,4.5,5.1,7.2,80.9,961.4,530.86,35780.0,0.0
78538,83.0,92.0,103.0,3.7,4.5,5.0,7.2,80.2,961.4,530.86,35780.0,0.0
78598,80.0,93.0,102.0,4.2,5.1,5.7,7.3,80.6,961.3,530.86,35780.0,0.0
78658,80.0,97.0,116.0,3.5,4.4,5.3,7.3,80.2,961.3,530.86,35780.0,0.0
78718,90.0,94.0,99.0,3.7,4.4,5.1,7.2,79.8,961.3,530.86,35780.0,0.0
78778,89.0,99.0,109.0,4.0,4.6,5.1,7.3,80.0,961.3,530.86,35780.0,0.0
78838,88.0,100.0,115.0,4.0,4.6,5.3,7.1,80.1,961.3,530.86,35780.0,0.0
78898,113.0,116.0,119.0,5.0,5.5,6.2,7.3,78.9,961.3,530.86,35780.0,0.0
78958,93.0,100.0,107.0,4.2,4.9,5.5,7.4,78.8,961.4,530.86,35780.0,0.0
79018,97.0,105.0,114.0,4.3,4.9,5.4,7.3,78.1,961.4,530.86,35780.0,0.0
79078,86.0,98.0,105.0,3.5,5.4,6.3,7.4,78.1,961.4,530.86,35780.0,0.0
79138,99.0,112.0,125.0,2.7,3.4,4.2,7.4,78.3,961.3,530.86,35780.0,0.0
79198,94.0,103.0,116.0,4.2,5.1,5.8,7.4,77.8,961.3,530.86,35780.0,0.0
79258,85.0,95.0,111.0,5.0,5.7,6.7,7.5,78.3,961.3,530.86,35780.0,0.0
79318,92.0,96.0,101.0,4.4,4.9,5.3,7.5,78.1,961.3,530.86,35780.0,0.0
79378,95.0,106.0,122.0,3.8,4.9,5.7,7.4,77.8,961.3,530.86,35780.0,0.0
79438,94.0,108.0,118.0,3.4,4.3,5.6,7.5,78.1,961.4,530.86,35780.0,0.0
79498,90.0,100.0,107.0,4.1,4.9,5.3,7.4,77.3,961.4,530.86,35780.0,0.0
79558,79.0,96.0,108.0,4.3,4.9,5.4,7.5,77.4,961.4,530.86,35780.0,0.0
79618,91.0,104.0,119.0,3.0,3.5,4.0,7.5,77.9,961.4,530.86,35780.0,0.0
79678,82.0,93.0,102.0,3.7,4.3,4.8,7.5,77.6,961.4,530.86,35780.0,0.0
79738,86.0,97.0,110.0,3.4,4.3,5.0,7.5,77.6,961.4,530.86,35780.0,0.0
79798,92.0,99.0,110.0,3.7,4.2,4.7,7.5,77.9,961.4,530.86,35780.0,0.0
79858,91.0,100.0,110.0,3.1,4.2,5.1,7.5,77.7,961.5,530.86,35780.0,0.0
79918,89.0,109.0,130.0,2.0,3.7,4.6,7.5,77.8,961.4,530.86,35780.0,0.0
79978,104.0,114.0,125.0,3.0,3.7,4.5,7.6,78.0,961.4,530.86,35780.0,0.0
80038,94.0,101.0,106.0,3.4,3.8,4.1,7.5,77.6,961.4,530.86,35780.0,0.0
80098,87.0,110.0,120.0,2.5,3.4,4.3,7.5,78.2,961.4,530.86,35780.0,0.0
80158,94.0,107.0,119.0,2.8,3.4,4.1,7.5,78.2,961.5,530.86,35780.0,0.0
80218,94.0,104.0,115.0,3.2,4.1,4.8,7.5,77.6,961.5,530.86,35780.0,0.0
80278,108.0,113.0,117.0,3.9,4.9,5.4,7.6,78.0,961.4,530.86,35780.0,0.0
80338,98.0,103.0,108.0,5.0,5.1,5.4,7.5,77.7,961.5,530.86,35780.0,0.0
80398,73.0,103.0,119.0,3.0,4.1,4.7,7.4,78.0,961.4,530.86,35780.0,0.0
80458,94.0,104.0,115.0,3.4,4.2,4.9,7.6,77.7,961.4,530.86,35780.0,0.0
80518,89.0,106.0,120.0,2.4,3.2,3.8,7.3,78.0,961.4,530.86,35780.0,0.0
80578,85.0,106.0,122.0,2.8,3.5,4.2,7.4,77.6,961.4,530.86,35780.0,0.0
80638,90.0,99.0,112.0,4.0,4.3,4.6,7.5,78.0,961.4,530.86,35780.0,0.0
80698,92.0,96.0,100.0,4.0,4.2,4.6,7.4,77.7,961.5,530.86,35780.0,0.0
80758,79.0,93.0,103.0,2.9,3.4,3.7,7.3,78.5,961.4,530.86,35780.0,0.0
80818,85.0,94.0,102.0,3.0,3.8,4.3,7.4,78.0,961.4,530.86,35780.0,0.0
80878,78.0,88.0,95.0,3.2,3.7,4.1,7.4,77.3,961.5,530.86,35780.0,0.0
80938,83.0,93.0,102.0,2.7,3.1,3.5,7.5,77.8,961.4,530.86,35780.0,0.0
80998,89.0,96.0,103.0,3.3,3.9,4.4,7.4,77.9,961.4,530.86,35780.0,0.0
81058,86.0,96.0,102.0,3.7,4.3,4.6,7.4,77.1,961.5,530.86,35780.0,0.0
81118,92.0,108.0,114.0,3.0,3.5,3.8,7.5,77.0,961.4,530.86,35780.0,0.0
81178,86.0,93.0,102.0,3.8,4.6,5.3,7.6,76.8,961.4,530.86,35780.0,0.0
81238,78.0,91.0,102.0,2.9,3.5,4.1,7.5,76.6,961.4,530.86,35780.0,0.0
81298,87.0,97.0,117.0,2.9,3.8,4.9,7.5,76.6,961.4,530.86,35780.0,0.0
81358,72.0,93.0,105.0,3.4,4.1,4.7,7.4,76.1,961.3,530.86,35780.0,0.0
81418,84.0,90.0,98.0,3.8,4.2,4.5,7.5,76.4,961.3,530.86,35780.0,0.0
81478,74.0,87.0,102.0,3.3,4.0,4.9,7.5,76.8,961.3,530.86,35780.0,0.0
81538,81.0,89.0,95.0,4.5,5.2,5.6,7.4,76.4,961.3,530.86,35780.0,0.0
81598,82.0,92.0,104.0,3.7,4.6,5.2,7.4,77.1,961.3,530.86,35780.0,0.0
81658,74.0,87.0,99.0,2.7,3.4,4.3,7.4,77.3,961.3,530.86,35780.0,0.0
81718,82.0,95.0,113.0,3.1,3.9,4.6,7.3,77.0,961.3,530.86,35780.0,0.0
81778,88.0,97.0,108.0,3.4,4.0,4.4,7.4,77.5,961.3,530.86,35780.0,0.0
81838,84.0,90.0,96.0,3.8,4.2,4.8,7.2,77.7,961.2,530.86,35780.0,0.0
81898,74.0,93.0,108.0,3.4,3.9,5.1,7.3,77.0,961.3,530.86,35780.0,0.0
81958,98.0,109.0,120.0,3.9,4.6,5.2,7.4,77.2,961.3,530.86,35780.0,0.0
82018,77.0,87.0,98.0,3.3,3.7,4.2,7.3,77.5,961.3,530.86,35780.0,0.0
82078,77.0,101.0,114.0,2.5,2.8,3.4,7.3,77.5,961.2,530.86,35780.0,0.0
82138,97.0,106.0,115.0,3.6,4.0,4.5,7.3,77.5,961.3,530.86,35780.0,0.0
82198,77.0,87.0,100.0,3.9,4.4,4.9,7.3,76.9,961.3,530.86,35780.0,0.0
82258,75.0,87.0,103.0,3.8,4.4,4.9,7.2,77.4,961.2,530.86,35780.0,0.0
82318,76.0,91.0,108.0,3.0,3.7,4.5,7.4,77.1,961.2,530.86,35780.0,0.0
82378,76.0,93.0,104.0,3.9,4.4,5.3,7.3,76.7,961.2,530.86,35780.0,0.0
82438,69.0,79.0,89.0,4.3,4.9,5.6,7.3,77.3,961.1,530.86,35780.0,0.0
82498,82.0,91.0,103.0,4.7,5.5,6.0,7.2,76.8,961.1,530.86,35780.0,0.0
82558,71.0,82.0,99.0,3.7,4.3,4.9,7.2,76.8,961.1,530.86,35780.0,0.0
82618,74.0,86.0,92.0,4.0,4.8,5.4,7.3,76.9,961.1,530.86,35780.0,0.0
82678,89.0,95.0,104.0,4.4,5.1,5.7,7.2,77.3,961.1,530.86,35780.0,0.0
82738,89.0,97.0,107.0,4.3,4.9,5.4,7.2,76.6,961.1,530.86,35780.0,0.0
82798,78.0,97.0,106.0,4.7,5.3,5.7,7.3,76.9,961.1,530.86,35780.0,0.0
82858,69.0,94.0,122.0,3.2,4.6,5.8,7.2,76.5,961.0,530.86,35780.0,0.0
82918,82.0,94.0,103.0,5.2,6.0,6.5,7.2,76.9,961.0,530.86,35780.0,0.0
82978,81.0,91.0,112.0,4.8,5.3,6.3,7.3,76.9,961.0,530.86,35780.0,0.0
83038,80.0,88.0,102.0,4.4,5.2,6.6,7.2,76.2,961.0,530.86,35780.0,0.0
83098,86.0,103.0,123.0,5.0,5.6,6.3,7.3,76.4,961.0,530.86,35780.0,0.0
83158,85.0,96.0,114.0,4.6,5.3,6.5,7.3,76.5,961.0,530.86,35780.0,0.0
83218,97.0,104.0,111.0,4.8,5.7,6.2,7.3,75.7,961.1,530.86,35780.0,0.0
83278,85.0,97.0,107.0,3.6,4.7,5.3,7.4,75.9,961.1,530.86,35780.0,0.0
83338,91.0,100.0,110.0,3.6,4.5,4.8,7.4,75.5,961.1,530.86,35780.0,0.0
83400,89.0,101.0,111.0,4.7,5.2,5.6,7.4,75.6,961.1,530.86,35780.0,0.0
83458,95.0,101.0,106.0,4.3,5.2,6.1,7.4,76.0,961.2,530.86,35780.0,0.0
83518,84.0,99.0,110.0,3.7,5.4,6.3,7.3,75.9,961.2,530.86,35780.0,0.0
83578,98.0,104.0,116.0,4.4,4.9,5.2,7.5,75.9,961.1,530.86,35780.0,0.0
83638,96.0,104.0,110.0,4.4,5.1,5.6,7.5,76.0,961.2,530.86,35780.0,0.0
83698,96.0,102.0,110.0,5.1,5.5,6.0,7.5,75.2,961.2,530.86,35780.0,0.0
83758,98.0,109.0,117.0,4.4,4.9,5.3,7.8,75.3,961.1,530.86,35780.0,0.0
83819,85.0,100.0,108.0,3.8,5.4,6.1,7.5,75.7,961.1,530.86,35780.0,0.0
83878,93.0,104.0,122.0,4.3,4.9,6.2,7.5,75.3,961.1,530.86,35780.0,0.0
83938,103.0,112.0,122.0,5.4,6.0,6.7,7.5,75.9,961.1,530.86,35780.0,0.0
83998,95.0,108.0,116.0,4.4,5.3,6.0,7.5,75.4,961.0,530.86,35780.0,0.0
84058,84.0,99.0,108.0,4.3,5.7,6.3,7.5,75.3,961.1,530.86,35780.0,0.0
84118,93.0,106.0,115.0,4.6,5.3,6.2,7.6,75.5,961.0,530.86,35780.0,0.0
84178,110.0,115.0,119.0,5.7,6.0,6.4,7.5,75.0,961.1,530.86,35780.0,0.0
84238,104.0,122.0,134.0,3.9,5.2,6.1,7.5,75.2,961.0,530.86,35780.0,0.0
84298,95.0,114.0,133.0,3.6,4.3,5.5,7.5,75.7,961.0,530.86,35780.0,0.0
84358,99.0,108.0,118.0,4.5,5.7,6.6,7.4,75.4,961.0,530.86,35780.0,0.0
84418,110.0,116.0,123.0,5.1,5.7,6.1,7.4,75.5,961.0,530.86,35780.0,0.0
84478,92.0,101.0,114.0,4.3,5.9,6.5,7.5,75.9,961.0,530.86,35780.0,0.0
84538,94.0,108.0,126.0,2.9,5.4,6.8,7.4,77.0,961.0,530.86,35780.0,0.0
84598,111.0,117.0,132.0,4.5,5.9,6.8,7.3,76.2,961.0,530.86,35780.0,0.0
84658,94.0,111.0,126.0,3.8,5.8,7.3,7.5,75.6,961.0,530.86,35780.0,0.0
84718,98.0,107.0,121.0,3.5,5.1,6.2,7.5,74.9,961.0,530.86,35780.0,0.0
84778,85.0,105.0,116.0,5.3,6.3,6.9,7.6,75.4,961.1,530.86,35780.0,0.0
84838,94.0,104.0,116.0,4.2,5.0,5.9,7.6,75.7,961.0,530.86,35780.0,0.0
84898,89.0,99.0,112.0,3.8,5.0,5.7,7.5,75.6,961.0,530.86,35780.0,0.0
84958,106.0,117.0,131.0,3.6,5.1,6.0,7.6,75.4,961.1,530.86,35780.0,0.0
85018,97.0,100.0,103.0,6.4,6.6,6.9,7.5,75.0,961.0,530.86,35780.0,0.0
85078,92.0,106.0,115.0,5.0,5.9,6.4,7.5,74.6,961.0,530.86,35780.0,0.0
85138,93.0,108.0,119.0,2.7,3.9,5.1,7.6,74.9,961.0,530.86,35780.0,0.0
85198,91.0,100.0,113.0,5.2,5.7,6.5,7.5,74.5,961.0,530.86,35780.0,0.0
85258,85.0,93.0,104.0,4.5,5.8,6.9,7.5,74.6,961.0,530.86,35780.0,0.0
85318,88.0,103.0,117.0,4.9,6.7,7.4,7.6,75.0,960.9,530.86,35780.0,0.0
85378,92.0,98.0,110.0,5.2,5.8,6.2,7.5,74.4,961.0,530.86,35780.0,0.0
85438,102.0,113.0,126.0,3.1,3.7,4.3,7.5,74.9,960.9,530.86,35780.0,0.0
85498,94.0,116.0,135.0,3.7,4.7,5.4,7.5,75.4,960.9,530.86,35780.0,0.0
85558,96.0,107.0,126.0,3.6,4.2,5.1,7.4,74.9,960.9,530.86,35780.0,0.0
85619,91.0,105.0,118.0,4.1,5.2,6.2,7.4,75.2,960.9,530.86,35780.0,0.0
85678,82.0,101.0,114.0,4.5,5.3,5.8,7.4,74.9,960.9,530.86,35780.0,0.0
85738,97.0,105.0,113.0,3.6,5.0,5.9,7.5,74.5,960.9,530.86,35780.0,0.0
85798,95.0,103.0,113.0,4.3,5.0,5.8,7.5,74.8,960.9,530.86,35780.0,0.0
85858,94.0,101.0,110.0,4.5,5.3,5.8,7.4,74.4,960.9,530.86,35780.0,0.0
85918,101.0,115.0,129.0,3.1,4.3,5.3,7.4,74.5,960.9,530.86,35780.0,0.0
85978,89.0,93.0,99.0,4.8,5.7,6.7,7.4,75.1,960.9,530.86,35780.0,0.0
86038,86.0,97.0,109.0,3.3,4.1,4.7,7.3,75.3,960.9,530.86,35780.0,0.0
86098,96.0,104.0,113.0,3.7,5.1,5.6,7.4,74.7,961.0,530.86,35780.0,0.0
86158,87.0,96.0,102.0,3.8,4.8,5.3,7.4,75.0,961.0,530.86,35780.0,0.0
86218,89.0,97.0,103.0,4.3,4.8,5.3,7.3,74.7,961.0,530.86,35780.0,0.0
86278,88.0,101.0,115.0,4.2,4.7,5.1,7.3,74.6,961.1,530.86,35780.0,0.0
86338,83.0,93.0,105.0,4.1,4.8,5.5,7.4,74.9,961.1,530.86,35780.0,0.0
