t,Dn,Dm,Dx,Sn,Sm,Sx,Ta,Ua,Pa,Rc,Rd,Ri
0,129.0,145.0,153.0,0.7,0.9,1.1,16.0,86.9,950.6,15.75,19550.0,0.0
60,122.0,132.0,138.0,0.8,1.0,1.2,16.0,87.0,950.6,15.75,19550.0,0.0
120,145.0,162.0,178.0,0.8,1.1,1.3,16.0,87.0,950.6,15.75,19550.0,0.0
180,168.0,198.0,210.0,0.2,0.4,0.5,16.0,87.0,950.6,15.75,19550.0,0.0
240,134.0,153.0,163.0,0.4,0.6,0.8,16.0,87.0,950.6,15.75,19550.0,0.0
300,78.0,96.0,148.0,0.2,0.3,0.4,16.0,87.0,950.6,15.75,19550.0,0.0
360,72.0,123.0,159.0,0.1,0.4,0.6,16.0,87.0,950.6,15.75,19550.0,0.0
420,125.0,143.0,158.0,0.6,0.7,0.8,16.0,87.0,950.6,15.75,19550.0,0.0
480,133.0,147.0,170.0,0.7,0.9,1.1,16.0,87.0,950.5,15.75,19550.0,0.0
540,96.0,126.0,156.0,0.7,0.8,1.0,16.0,87.0,950.5,15.75,19550.0,0.0
600,89.0,139.0,166.0,0.1,0.4,0.6,16.0,87.0,950.5,15.75,19550.0,0.0
660,15.0,160.0,274.0,0.1,0.3,0.5,16.0,87.0,950.5,15.75,19550.0,0.0
720,151.0,175.0,194.0,0.7,0.8,1.0,16.0,87.0,950.5,15.75,19550.0,0.0
780,151.0,165.0,211.0,0.1,0.3,0.6,16.0,87.0,950.6,15.75,19550.0,0.0
840,209.0,253.0,292.0,0.2,0.3,0.4,16.0,87.0,950.5,15.75,19550.0,0.0
900,173.0,189.0,196.0,0.5,0.6,0.8,16.0,87.0,950.6,15.75,19550.0,0.0
960,113.0,133.0,152.0,0.3,0.4,0.6,16.0,86.9,950.6,15.75,19550.0,0.0
1020,116.0,131.0,154.0,0.1,0.2,0.2,16.0,86.9,950.5,15.75,19550.0,0.0
1080,140.0,156.0,171.0,0.7,1.1,1.2,16.0,86.9,950.6,15.75,19550.0,0.0
1140,121.0,128.0,136.0,0.6,0.7,0.9,16.0,86.8,950.6,15.75,19550.0,0.0
1200,129.0,159.0,227.0,0.2,0.3,0.5,16.0,86.8,950.6,15.75,19550.0,0.0
1260,52.0,85.0,114.0,0.2,0.4,0.4,16.0,86.8,950.6,15.75,19550.0,0.0
1320,82.0,47.0,89.0,0.0,0.2,0.6,16.0,86.8,950.6,15.75,19550.0,0.0
1380,119.0,212.0,271.0,0.1,0.5,0.8,16.0,86.8,950.6,15.75,19550.0,0.0
1440,116.0,211.0,304.0,0.0,0.3,0.7,16.0,86.8,950.6,15.75,19550.0,0.0
1500,111.0,355.0,272.0,0.0,0.2,0.5,16.0,86.8,950.6,15.75,19550.0,0.0
1560,11.0,28.0,50.0,0.4,0.5,0.7,16.0,86.8,950.6,15.75,19550.0,0.0
1620,103.0,39.0,327.0,0.0,0.1,0.3,16.0,86.8,950.6,15.75,19550.0,0.0
1680,208.0,252.0,292.0,0.1,0.2,0.3,16.0,86.8,950.6,15.75,19550.0,0.0
1740,279.0,289.0,307.0,0.3,0.3,0.5,16.0,86.8,950.6,15.75,19550.0,0.0
1800,41.0,72.0,95.0,0.4,0.6,0.8,16.0,86.8,950.5,15.75,19550.0,0.0
1860,69.0,82.0,97.0,0.4,0.5,0.7,16.0,86.8,950.5,15.75,19550.0,0.0
1920,34.0,177.0,329.0,0.0,0.1,0.1,16.0,86.8,950.5,15.75,19550.0,0.0
1980,55.0,74.0,96.0,0.4,0.6,0.7,16.0,86.9,950.5,15.75,19550.0,0.0
2040,31.0,299.0,228.0,0.0,0.4,0.6,16.0,86.9,950.5,15.75,19550.0,0.0
2100,207.0,276.0,310.0,0.0,0.3,0.5,16.0,86.9,950.5,15.75,19550.0,0.0
2160,236.0,291.0,330.0,0.1,0.3,0.4,16.0,86.9,950.5,15.75,19550.0,0.0
2220,272.0,290.0,312.0,0.1,0.2,0.4,16.0,86.9,950.5,15.75,19550.0,0.0
2280,268.0,280.0,290.0,0.9,1.0,1.2,16.0,86.9,950.5,15.75,19550.0,0.0
2340,283.0,290.0,300.0,0.7,1.0,1.1,16.0,86.8,950.5,15.75,19550.0,0.0
2400,297.0,310.0,330.0,0.5,0.6,0.9,16.0,86.8,950.5,15.75,19550.0,0.0
2460,287.0,298.0,306.0,1.0,1.3,1.4,16.0,86.8,950.5,15.75,19550.0,0.0
2520,285.0,293.0,301.0,1.0,1.1,1.4,16.0,86.8,950.5,15.75,19550.0,0.0
2580,303.0,309.0,315.0,1.3,1.5,1.6,16.0,86.9,950.4,15.75,19550.0,0.0
2640,283.0,289.0,295.0,1.1,1.2,1.3,16.0,86.9,950.4,15.75,19550.0,0.0
2700,282.0,295.0,302.0,1.1,1.2,1.3,16.0,86.9,950.4,15.75,19550.0,0.0
2760,287.0,311.0,325.0,0.8,0.9,1.1,16.0,86.9,950.4,15.75,19550.0,0.0
2820,295.0,308.0,321.0,0.4,0.6,0.7,16.0,86.9,950.4,15.75,19550.0,0.0
2880,283.0,287.0,298.0,0.8,1.0,1.1,16.0,86.9,950.4,15.75,19550.0,0.0
2940,279.0,289.0,297.0,0.7,0.9,1.1,16.0,86.9,950.4,15.75,19550.0,0.0
3000,284.0,294.0,302.0,0.9,1.1,1.3,16.0,86.9,950.4,15.75,19550.0,0.0
3060,277.0,287.0,298.0,0.7,0.9,1.1,16.0,86.9,950.4,15.75,19550.0,0.0
3120,270.0,284.0,292.0,0.8,1.0,1.1,16.0,86.8,950.4,15.75,19550.0,0.0
3180,279.0,291.0,307.0,0.5,1.2,1.3,16.0,86.8,950.4,15.75,19550.0,0.0
3240,277.0,279.0,299.0,0.0,0.1,0.2,16.0,86.8,950.4,15.75,19550.0,0.0
3300,247.0,262.0,265.0,0.6,0.8,1.0,16.0,86.8,950.4,15.75,19550.0,0.0
3360,235.0,247.0,255.0,0.5,0.7,0.7,16.0,86.8,950.4,15.75,19550.0,0.0
3420,279.0,285.0,290.0,0.5,0.6,0.7,16.0,86.8,950.3,15.75,19550.0,0.0
3480,290.0,297.0,307.0,0.7,0.7,0.8,16.0,86.8,950.3,15.75,19550.0,0.0
3540,278.0,282.0,295.0,0.5,0.6,0.7,16.0,86.8,950.3,15.75,19550.0,0.0
3600,304.0,311.0,320.0,0.6,0.7,0.8,16.0,86.7,950.3,15.75,19550.0,0.0
3660,280.0,298.0,314.0,0.3,0.5,0.6,16.0,86.7,950.3,15.75,19550.0,0.0
3720,257.0,269.0,286.0,0.5,0.6,0.7,16.0,86.7,950.3,15.75,19550.0,0.0
3780,236.0,294.0,342.0,0.1,0.2,0.4,16.0,86.7,950.3,15.75,19550.0,0.0
3840,124.0,248.0,272.0,0.1,0.3,0.4,16.0,86.7,950.3,15.75,19550.0,0.0
3900,271.0,298.0,329.0,0.0,0.3,0.5,16.0,86.7,950.3,15.75,19550.0,0.0
3960,280.0,295.0,307.0,0.3,0.4,0.5,16.0,86.7,950.3,15.75,19550.0,0.0
4020,287.0,309.0,319.0,0.4,0.4,0.5,16.0,86.6,950.3,15.75,19550.0,0.0
4080,304.0,319.0,357.0,0.1,0.5,0.7,16.0,86.6,950.3,15.75,19550.0,0.0
4140,348.0,350.0,352.0,0.7,0.8,0.8,16.0,86.5,950.3,15.75,19550.0,0.0
4200,330.0,334.0,339.0,0.9,0.9,1.0,16.0,86.5,950.2,15.75,19550.0,0.0
4260,345.0,353.0,0.0,0.7,0.8,1.0,16.0,86.5,950.3,15.75,19550.0,0.0
4320,4.0,355.0,345.0,0.7,0.8,1.0,16.0,86.5,950.2,15.75,19550.0,0.0
4380,15.0,6.0,348.0,0.5,0.6,0.7,16.0,86.6,950.2,15.75,19550.0,0.0
4440,319.0,330.0,340.0,0.7,0.9,1.0,16.0,86.6,950.2,15.75,19550.0,0.0
4500,3.0,354.0,344.0,0.8,0.9,1.0,16.0,86.6,950.2,15.75,19550.0,0.0
4560,10.0,3.0,357.0,0.5,0.7,0.9,16.0,86.6,950.2,15.75,19550.0,0.0
4620,9.0,0.0,357.0,0.9,1.0,1.1,16.0,86.6,950.2,15.75,19550.0,0.0
4680,12.0,355.0,339.0,0.6,0.7,1.0,16.0,86.6,950.2,15.75,19550.0,0.0
4740,3.0,358.0,352.0,0.9,1.0,1.1,16.0,86.6,950.2,15.75,19550.0,0.0
4800,8.0,3.0,357.0,0.8,0.8,0.9,16.0,86.6,950.2,15.75,19550.0,0.0
4860,336.0,341.0,343.0,0.4,0.6,0.7,15.9,86.6,950.1,15.75,19550.0,0.0
4920,34.0,42.0,47.0,0.6,0.7,0.8,16.0,86.7,950.1,15.75,19550.0,0.0
4980,60.0,15.0,322.0,0.3,0.4,0.6,16.0,86.6,950.1,15.75,19550.0,0.0
5040,31.0,44.0,56.0,0.3,0.4,0.5,16.0,86.6,950.1,15.75,19550.0,0.0
5100,31.0,8.0,342.0,0.3,0.5,0.6,16.0,86.6,950.1,15.75,19550.0,0.0
5160,22.0,345.0,312.0,0.3,0.7,1.1,16.0,86.5,950.1,15.75,19550.0,0.0
5220,15.0,355.0,339.0,0.8,0.9,1.0,16.0,86.4,950.1,15.75,19550.0,0.0
5280,17.0,8.0,357.0,0.6,0.7,0.8,16.0,86.4,950.1,15.75,19550.0,0.0
5340,2.0,351.0,345.0,1.0,1.3,1.4,16.0,86.1,950.1,15.75,19550.0,0.0
5400,325.0,337.0,349.0,1.1,1.2,1.3,15.9,86.0,950.1,15.75,19550.0,0.0
5460,324.0,335.0,340.0,1.3,1.5,1.7,15.9,85.9,950.1,15.75,19550.0,0.0
5520,325.0,332.0,339.0,1.4,1.5,1.6,15.9,85.9,950.1,15.75,19550.0,0.0
5580,325.0,332.0,339.0,1.6,1.7,2.0,15.9,85.8,950.1,15.75,19550.0,0.0
5640,336.0,339.0,343.0,1.7,1.8,1.9,15.9,85.8,950.1,15.75,19550.0,0.0
5700,332.0,341.0,347.0,1.4,1.6,1.8,15.9,85.7,950.1,15.75,19550.0,0.0
5760,328.0,338.0,351.0,1.2,1.5,1.7,15.9,85.8,950.1,15.75,19550.0,0.0
5820,334.0,338.0,342.0,1.6,1.7,1.9,15.9,85.9,950.0,15.75,19550.0,0.0
5880,342.0,347.0,352.0,1.6,1.7,1.7,15.9,85.8,950.0,15.75,19550.0,0.0
5940,4.0,358.0,351.0,1.2,1.4,1.7,15.9,85.9,950.0,15.75,19550.0,0.0
6000,346.0,350.0,353.0,1.6,1.8,1.9,15.9,85.8,950.0,15.75,19550.0,0.0
6060,344.0,351.0,356.0,1.5,1.7,1.8,15.9,85.7,950.0,15.75,19550.0,0.0
6120,1.0,353.0,340.0,1.3,1.5,1.7,15.9,85.9,950.0,15.75,19550.0,0.0
6180,12.0,2.0,355.0,1.2,1.4,1.5,15.9,85.8,950.0,15.75,19550.0,0.0
6240,1.0,345.0,337.0,1.2,1.6,1.8,15.8,85.8,950.0,15.75,19550.0,0.0
6300,334.0,344.0,0.0,1.2,1.5,1.7,15.9,85.9,949.9,15.75,19550.0,0.0
6360,347.0,353.0,358.0,1.6,1.8,1.9,15.8,85.9,949.9,15.75,19550.0,0.0
6420,335.0,339.0,344.0,1.5,1.7,1.8,15.8,85.9,949.9,15.75,19550.0,0.0
6480,3.0,347.0,328.0,0.8,1.0,1.3,15.8,86.0,949.9,15.75,19550.0,0.0
6540,322.0,334.0,342.0,1.6,1.9,2.1,15.8,86.1,949.9,15.75,19550.0,0.0
6600,333.0,336.0,340.0,1.5,1.6,1.7,15.8,86.1,949.8,15.75,19550.0,0.0
6660,332.0,336.0,345.0,1.3,1.4,1.5,15.8,86.2,949.8,15.75,19550.0,0.0
6720,331.0,339.0,349.0,0.6,1.0,1.1,15.8,86.2,949.9,15.75,19550.0,0.0
6780,5.0,349.0,334.0,0.8,1.1,1.4,15.8,86.2,949.9,15.75,19550.0,0.0
6840,326.0,333.0,338.0,1.1,1.3,1.4,15.8,86.2,949.8,15.75,19550.0,0.0
6900,327.0,338.0,352.0,0.8,1.1,1.3,15.8,86.1,949.9,15.75,19550.0,0.0
6960,347.0,351.0,356.0,1.2,1.3,1.5,15.8,86.1,949.9,15.75,19550.0,0.0
7020,2.0,358.0,351.0,1.1,1.2,1.4,15.8,86.1,949.9,15.75,19550.0,0.0
7080,342.0,347.0,349.0,1.6,1.7,1.8,15.8,86.2,949.8,15.75,19550.0,0.0
7140,340.0,343.0,345.0,1.7,1.8,1.8,15.8,86.2,949.8,15.75,19550.0,0.0
7200,327.0,334.0,341.0,1.3,1.4,1.5,15.8,86.2,949.8,15.75,19550.0,0.0
7260,333.0,339.0,348.0,1.4,1.5,1.7,15.8,86.2,949.8,15.75,19550.0,0.0
7320,341.0,346.0,353.0,1.5,1.6,1.7,15.8,86.3,949.8,15.75,19550.0,0.0
7380,336.0,344.0,350.0,1.2,1.4,1.6,15.8,86.3,949.8,15.75,19550.0,0.0
7440,336.0,341.0,346.0,1.3,1.4,1.5,15.8,86.3,949.8,15.75,19550.0,0.0
7500,323.0,336.0,355.0,1.1,1.3,1.6,15.8,86.2,949.8,15.75,19550.0,0.0
7560,321.0,335.0,347.0,1.5,1.6,1.8,15.8,86.2,949.8,15.75,19550.0,0.0
7620,334.0,340.0,347.0,1.7,1.9,2.1,15.8,86.1,949.8,15.75,19550.0,0.0
7680,327.0,337.0,342.0,1.4,1.6,1.7,15.8,86.1,949.8,15.75,19550.0,0.0
7740,307.0,324.0,341.0,1.0,1.3,1.4,15.8,86.1,949.8,15.75,19550.0,0.0
7800,320.0,325.0,334.0,2.0,2.1,2.3,15.8,86.1,949.8,15.75,19550.0,0.0
7860,332.0,335.0,338.0,1.6,1.8,1.9,15.8,86.2,949.8,15.75,19550.0,0.0
7920,318.0,327.0,335.0,1.6,1.9,2.0,15.8,86.2,949.8,15.75,19550.0,0.0
7980,318.0,328.0,335.0,2.0,2.2,2.6,15.8,86.1,949.8,15.75,19550.0,0.0
8040,313.0,321.0,333.0,1.4,1.7,2.1,15.8,86.1,949.8,15.75,19550.0,0.0
8100,332.0,337.0,341.0,1.9,2.0,2.1,15.8,86.2,949.8,15.75,19550.0,0.0
8160,325.0,332.0,342.0,1.3,1.6,1.8,15.8,86.1,949.8,15.75,19550.0,0.0
8220,315.0,327.0,335.0,1.6,1.8,1.9,15.8,86.2,949.8,15.75,19550.0,0.0
8280,324.0,334.0,351.0,1.5,1.7,1.9,15.8,86.2,949.7,15.75,19550.0,0.0
8340,333.0,340.0,350.0,1.4,1.5,1.7,15.8,86.2,949.7,15.75,19550.0,0.0
8400,323.0,333.0,343.0,1.6,1.8,2.0,15.8,86.2,949.7,15.75,19550.0,0.0
8460,331.0,336.0,342.0,1.9,2.0,2.1,15.8,86.3,949.7,15.75,19550.0,0.0
8520,323.0,331.0,333.0,1.7,1.8,1.9,15.8,86.3,949.7,15.75,19550.0,0.0
8580,324.0,333.0,338.0,1.8,1.9,2.1,15.8,86.3,949.7,15.75,19550.0,0.0
8640,323.0,334.0,341.0,1.5,1.9,2.1,15.8,86.3,949.7,15.75,19550.0,0.0
8700,335.0,342.0,352.0,1.5,1.6,1.7,15.8,86.3,949.7,15.75,19550.0,0.0
8760,340.0,342.0,347.0,1.8,1.9,2.0,15.8,86.4,949.7,15.75,19550.0,0.0
8820,324.0,331.0,341.0,1.3,1.7,2.4,15.8,86.4,949.7,15.75,19550.0,0.0
8880,327.0,336.0,343.0,1.7,1.9,2.1,15.8,86.5,949.7,15.75,19550.0,0.0
8940,304.0,314.0,326.0,1.2,1.6,2.0,15.8,86.5,949.7,15.75,19550.0,0.0
9000,339.0,343.0,349.0,1.5,1.6,1.7,15.8,86.5,949.7,15.75,19550.0,0.0
9060,311.0,327.0,348.0,1.1,1.4,1.7,15.8,86.4,949.7,15.75,19550.0,0.0
9120,9.0,351.0,337.0,1.2,1.4,1.6,15.8,86.2,949.7,15.75,19550.0,0.0
9180,3.0,355.0,342.0,1.1,1.3,1.4,15.8,86.4,949.7,15.75,19550.0,0.0
9240,346.0,352.0,0.0,1.3,1.5,1.6,15.8,86.5,949.7,15.75,19550.0,0.0
9300,330.0,342.0,350.0,1.3,1.4,1.5,15.8,86.2,949.7,15.75,19550.0,0.0
9360,317.0,330.0,342.0,0.8,1.1,1.4,15.8,86.3,949.7,15.75,19550.0,0.0
9420,1.0,356.0,348.0,1.1,1.2,1.3,15.8,86.3,949.7,15.75,19550.0,0.0
9480,323.0,342.0,358.0,0.6,0.7,0.8,15.8,86.3,949.7,15.75,19550.0,0.0
9540,324.0,337.0,353.0,0.6,0.7,0.8,15.8,86.4,949.7,15.75,19550.0,0.0
9600,334.0,345.0,352.0,0.8,1.0,1.2,15.8,86.5,949.7,15.75,19550.0,0.0
9660,334.0,344.0,358.0,1.0,1.2,1.4,15.8,86.4,949.7,15.75,19550.0,0.0
9720,337.0,342.0,348.0,1.1,1.1,1.2,15.8,86.1,949.7,15.75,19550.0,0.0
9780,324.0,338.0,355.0,1.0,1.2,1.3,15.8,86.0,949.7,15.75,19550.0,0.0
9840,318.0,329.0,338.0,1.0,1.2,1.3,15.8,86.1,949.7,15.75,19550.0,0.0
9900,301.0,317.0,328.0,0.8,1.1,1.3,15.8,86.1,949.7,15.75,19550.0,0.0
9960,320.0,328.0,333.0,1.1,1.2,1.4,15.8,86.1,949.8,15.75,19550.0,0.0
10020,332.0,336.0,341.0,1.2,1.4,1.5,15.8,86.2,949.8,15.75,19550.0,0.0
10080,334.0,340.0,344.0,1.2,1.3,1.4,15.8,86.2,949.8,15.75,19550.0,0.0
10140,326.0,341.0,352.0,0.8,0.9,1.1,15.8,86.1,949.8,15.75,19550.0,0.0
10200,317.0,323.0,326.0,0.9,0.9,1.1,15.8,86.2,949.8,15.75,19550.0,0.0
10260,283.0,295.0,310.0,0.3,0.5,0.8,15.8,86.2,949.8,15.75,19550.0,0.0
10320,281.0,285.0,296.0,0.6,0.8,0.8,15.8,86.1,949.8,15.75,19550.0,0.0
10380,265.0,281.0,353.0,0.1,0.8,1.1,15.8,86.0,949.8,15.75,19550.0,0.0
10440,284.0,295.0,310.0,0.7,0.8,1.0,15.8,86.0,949.8,15.75,19550.0,0.0
10500,286.0,298.0,314.0,0.6,0.7,0.8,15.8,85.9,949.8,15.75,19550.0,0.0
10560,254.0,269.0,283.0,0.6,0.7,0.8,15.8,85.8,949.8,15.75,19550.0,0.0
10620,261.0,275.0,290.0,0.9,1.1,1.4,15.8,85.8,949.8,15.75,19550.0,0.0
10680,271.0,279.0,285.0,1.0,1.2,1.3,15.8,85.9,949.8,15.75,19550.0,0.0
10740,277.0,284.0,290.0,1.1,1.5,1.7,15.8,85.8,949.8,15.75,19550.0,0.0
10800,270.0,278.0,283.0,0.9,1.1,1.1,15.8,85.8,949.8,15.75,19550.0,0.0
10860,275.0,281.0,285.0,0.8,0.9,1.1,15.8,85.8,949.8,15.75,19550.0,0.0
10920,287.0,300.0,316.0,0.8,1.0,1.1,15.8,85.8,949.8,15.75,19550.0,0.0
10980,289.0,293.0,297.0,1.4,1.5,1.6,15.8,85.9,949.8,15.75,19550.0,0.0
11040,298.0,305.0,311.0,0.9,0.9,1.0,15.8,85.9,949.8,15.75,19550.0,0.0
11100,289.0,303.0,311.0,1.2,1.4,1.6,15.8,85.9,949.7,15.75,19550.0,0.0
11160,303.0,317.0,334.0,1.0,1.1,1.1,15.8,86.0,949.8,15.75,19550.0,0.0
11220,286.0,290.0,294.0,0.5,0.6,0.7,15.8,86.0,949.7,15.75,19550.0,0.0
11280,288.0,298.0,310.0,1.1,1.1,1.3,15.8,86.1,949.7,15.75,19550.0,0.0
11340,279.0,287.0,294.0,0.9,1.1,1.3,15.8,86.1,949.8,15.75,19550.0,0.0
11400,300.0,312.0,326.0,0.9,1.1,1.4,15.8,86.1,949.8,15.75,19550.0,0.0
11460,300.0,308.0,317.0,0.5,0.7,0.9,15.8,86.1,949.7,15.75,19550.0,0.0
11520,9.0,341.0,320.0,0.8,1.0,1.2,15.8,86.1,949.7,15.75,19550.0,0.0
11580,328.0,337.0,345.0,0.9,1.2,1.5,15.8,86.1,949.7,15.75,19550.0,0.0
11640,313.0,324.0,333.0,1.1,1.3,1.6,15.8,86.1,949.7,15.75,19550.0,0.0
11700,287.0,304.0,322.0,1.0,1.1,1.4,15.8,86.2,949.7,15.75,19550.0,0.0
11760,312.0,320.0,325.0,1.3,1.5,1.7,15.8,86.1,949.7,15.75,19550.0,0.0
11820,320.0,325.0,330.0,1.4,1.5,1.6,15.8,86.1,949.7,15.75,19550.0,0.0
11880,305.0,314.0,320.0,1.1,1.3,1.4,15.8,86.2,949.7,15.75,19550.0,0.0
11940,319.0,337.0,357.0,1.1,1.4,1.8,15.8,86.2,949.7,15.75,19550.0,0.0
12000,333.0,339.0,348.0,1.5,1.9,2.1,15.8,86.3,949.7,15.75,19550.0,0.0
12060,341.0,346.0,353.0,1.8,2.0,2.2,15.7,86.2,949.7,15.75,19550.0,0.0
12120,320.0,331.0,338.0,1.5,1.7,1.9,15.7,86.2,949.7,15.75,19550.0,0.0
12180,339.0,349.0,355.0,1.5,1.8,2.0,15.7,86.3,949.7,15.75,19550.0,0.0
12240,325.0,335.0,342.0,1.3,1.6,1.8,15.7,86.3,949.7,15.75,19550.0,0.0
12300,324.0,330.0,335.0,1.4,1.7,1.9,15.7,86.3,949.7,15.75,19550.0,0.0
12360,341.0,345.0,351.0,1.8,1.9,2.0,15.7,86.3,949.6,15.75,19550.0,0.0
12420,336.0,343.0,349.0,1.6,1.7,1.8,15.7,86.3,949.6,15.75,19550.0,0.0
12480,0.0,348.0,336.0,2.0,2.2,2.3,15.7,86.4,949.6,15.75,19550.0,0.0
12540,0.0,353.0,343.0,1.5,1.8,2.0,15.7,86.6,949.6,15.75,19550.0,0.0
12600,343.0,349.0,355.0,1.7,2.1,2.4,15.7,86.4,949.6,15.75,19550.0,0.0
12660,310.0,321.0,331.0,1.1,1.3,1.6,15.7,86.4,949.6,15.75,19550.0,0.0
12720,15.0,341.0,309.0,1.4,1.7,2.5,15.7,86.3,949.5,15.75,19550.0,0.0
12780,11.0,358.0,348.0,1.6,1.8,2.1,15.7,86.6,949.6,15.75,19550.0,0.0
12840,338.0,348.0,355.0,1.9,2.1,2.3,15.7,86.6,949.6,15.75,19550.0,0.0
12900,342.0,345.0,349.0,2.2,2.4,2.8,15.7,86.5,949.5,15.75,19550.0,0.0
12960,329.0,337.0,348.0,2.4,2.6,2.7,15.7,86.6,949.5,15.75,19550.0,0.0
13020,334.0,338.0,345.0,2.1,2.3,2.4,15.7,86.7,949.5,15.75,19550.0,0.0
13080,312.0,320.0,326.0,2.6,2.8,3.0,15.7,86.7,949.5,15.75,19550.0,0.0
13140,331.0,337.0,348.0,2.5,2.9,3.3,15.7,86.8,949.5,15.75,19550.0,0.0
13200,328.0,333.0,343.0,2.2,2.3,2.4,15.7,86.8,949.5,15.75,19550.0,0.0
13260,340.0,345.0,349.0,2.2,2.4,2.5,15.7,86.8,949.5,15.75,19550.0,0.0
13320,342.0,349.0,357.0,1.9,2.1,2.3,15.7,86.9,949.5,15.75,19550.0,0.0
13380,6.0,355.0,346.0,2.0,2.4,2.6,15.7,86.8,949.5,15.75,19550.0,0.0
13440,334.0,340.0,347.0,2.0,2.2,2.3,15.7,86.8,949.5,15.75,19550.0,0.0
13500,331.0,340.0,347.0,2.0,2.2,2.5,15.6,86.7,949.5,15.75,19550.0,0.0
13560,301.0,312.0,323.0,1.8,1.9,2.1,15.6,86.7,949.5,15.75,19550.0,0.0
13620,6.0,1.0,356.0,2.6,2.8,3.0,15.6,86.7,949.5,15.75,19550.0,0.0
13680,4.0,356.0,351.0,2.2,2.3,2.5,15.6,86.9,949.5,15.75,19550.0,0.0
13740,322.0,335.0,348.0,2.0,2.3,2.5,15.6,87.0,949.5,15.75,19550.0,0.0
13800,8.0,13.0,22.0,2.3,2.5,2.7,15.6,87.0,949.5,15.75,19550.0,0.0
13860,2.0,7.0,14.0,2.1,2.3,2.5,15.6,87.1,949.5,15.75,19550.0,0.0
13920,12.0,4.0,356.0,1.7,1.8,2.0,15.6,87.1,949.5,15.75,19550.0,0.0
13980,18.0,11.0,353.0,1.8,2.0,2.2,15.6,87.2,949.5,15.75,19550.0,0.0
14040,4.0,10.0,19.0,1.5,1.8,2.0,15.6,87.2,949.5,15.75,19550.0,0.0
14100,0.0,354.0,348.0,1.8,1.9,2.0,15.6,87.2,949.5,15.75,19550.0,0.0
14160,18.0,10.0,0.0,1.9,1.9,2.1,15.6,87.3,949.5,15.75,19550.0,0.0
14220,3.0,11.0,21.0,1.5,1.7,2.0,15.6,87.3,949.5,15.75,19550.0,0.0
14280,2.0,7.0,17.0,1.7,2.1,2.5,15.6,87.4,949.5,15.75,19550.0,0.0
14340,7.0,12.0,19.0,2.0,2.1,2.2,15.6,87.4,949.4,15.75,19550.0,0.0
14400,15.0,8.0,0.0,1.6,2.0,2.2,15.6,87.4,949.4,15.75,19550.0,0.0
14460,2.0,4.0,8.0,1.9,2.0,2.2,15.6,87.4,949.4,15.75,19550.0,0.0
14520,5.0,18.0,27.0,1.2,1.6,1.8,15.5,87.4,949.4,15.75,19550.0,0.0
14580,13.0,5.0,354.0,1.7,1.9,2.0,15.5,87.4,949.4,15.75,19550.0,0.0
14640,16.0,9.0,353.0,1.4,1.7,2.5,15.6,87.3,949.4,15.75,19550.0,0.0
14700,6.0,14.0,19.0,1.3,1.6,1.9,15.6,87.3,949.4,15.75,19550.0,0.0
14760,30.0,13.0,0.0,1.4,1.8,2.0,15.6,87.2,949.4,15.75,19550.0,0.0
14820,13.0,350.0,334.0,1.3,1.7,2.0,15.6,87.2,949.4,15.75,19550.0,0.0
14880,16.0,12.0,358.0,1.2,1.6,1.8,15.6,87.2,949.4,15.75,19550.0,0.0
14940,10.0,0.0,354.0,1.6,1.9,2.0,15.6,87.1,949.4,15.75,19550.0,0.0
15000,9.0,5.0,0.0,1.7,1.8,1.9,15.6,87.2,949.4,15.75,19550.0,0.0
15060,349.0,352.0,0.0,1.3,1.5,1.6,15.6,87.2,949.4,15.75,19550.0,0.0
15120,0.0,349.0,343.0,1.4,1.6,1.7,15.6,87.1,949.4,15.75,19550.0,0.0
15180,7.0,13.0,20.0,1.4,1.7,1.8,15.6,87.2,949.4,15.75,19550.0,0.0
15240,1.0,358.0,354.0,1.2,1.4,1.6,15.6,87.2,949.4,15.75,19550.0,0.0
15300,5.0,0.0,345.0,1.5,1.7,1.9,15.6,87.2,949.4,15.75,19550.0,0.0
15360,342.0,349.0,353.0,1.7,1.8,1.9,15.6,87.2,949.4,15.75,19550.0,0.0
15420,3.0,351.0,339.0,1.2,1.6,1.8,15.6,87.3,949.4,15.75,19550.0,0.0
15480,1.0,357.0,349.0,1.3,1.6,1.7,15.6,87.3,949.4,15.75,19550.0,0.0
15540,11.0,2.0,350.0,1.5,1.8,1.9,15.6,87.3,949.4,15.75,19550.0,0.0
15600,332.0,340.0,352.0,1.6,1.9,2.1,15.6,87.3,949.3,15.75,19550.0,0.0
15660,323.0,332.0,344.0,1.5,1.7,1.9,15.6,87.2,949.3,15.75,19550.0,0.0
15720,334.0,337.0,340.0,2.3,2.5,2.6,15.6,87.2,949.3,15.75,19550.0,0.0
15780,335.0,343.0,350.0,1.9,2.1,2.3,15.6,87.3,949.3,15.75,19550.0,0.0
15840,329.0,341.0,349.0,1.7,2.0,2.2,15.5,87.4,949.3,15.75,19550.0,0.0
15900,318.0,324.0,329.0,1.5,1.6,1.8,15.5,87.4,949.3,15.75,19550.0,0.0
15960,328.0,333.0,339.0,1.3,1.7,1.9,15.5,87.4,949.3,15.75,19550.0,0.0
16020,330.0,337.0,342.0,1.3,1.5,1.7,15.5,87.4,949.3,15.75,19550.0,0.0
16080,317.0,334.0,344.0,1.6,1.9,2.1,15.5,87.4,949.3,15.75,19550.0,0.0
16140,313.0,326.0,332.0,2.0,2.3,2.5,15.5,87.5,949.3,15.75,19550.0,0.0
16200,327.0,340.0,346.0,2.1,2.3,2.6,15.5,87.5,949.3,15.75,19550.0,0.0
16260,337.0,344.0,348.0,2.1,2.2,2.3,15.5,87.5,949.3,15.75,19550.0,0.0
16320,339.0,342.0,345.0,1.9,2.0,2.2,15.5,87.5,949.3,15.75,19550.0,0.0
16380,304.0,319.0,337.0,1.1,1.2,1.4,15.5,87.6,949.3,15.75,19550.0,0.0
16440,339.0,352.0,0.0,2.1,2.3,2.5,15.5,87.6,949.3,15.75,19550.0,0.0
16500,15.0,355.0,329.0,1.1,1.9,2.7,15.5,87.6,949.4,15.75,19550.0,0.0
16560,332.0,344.0,352.0,1.2,1.3,1.4,15.5,87.6,949.4,15.75,19550.0,0.0
16620,20.0,8.0,0.0,0.9,1.1,1.3,15.5,87.5,949.4,15.75,19550.0,0.0
16680,333.0,338.0,348.0,1.4,1.6,1.7,15.5,87.5,949.4,15.75,19550.0,0.0
16740,6.0,354.0,344.0,1.1,1.4,1.6,15.6,87.4,949.4,15.75,19550.0,0.0
16800,6.0,3.0,355.0,1.5,1.8,1.9,15.6,87.4,949.4,15.75,19550.0,0.0
16860,20.0,9.0,357.0,1.0,1.4,1.6,15.6,87.4,949.4,15.75,19550.0,0.0
16920,335.0,343.0,350.0,1.8,1.9,2.0,15.6,87.5,949.4,15.75,19550.0,0.0
16980,0.0,348.0,343.0,1.8,2.1,2.4,15.6,87.5,949.4,15.75,19550.0,0.0
17040,328.0,334.0,340.0,1.5,1.8,1.9,15.5,87.5,949.4,15.75,19550.0,0.0
17100,323.0,332.0,341.0,1.7,1.9,2.2,15.5,87.5,949.4,15.75,19550.0,0.0
17160,327.0,342.0,357.0,1.3,1.6,1.8,15.5,87.5,949.4,15.75,19550.0,0.0
17220,318.0,328.0,342.0,1.3,1.9,2.4,15.5,87.4,949.4,15.75,19550.0,0.0
17280,319.0,330.0,341.0,1.8,2.1,2.6,15.5,87.3,949.4,15.75,19550.0,0.0
17340,324.0,328.0,332.0,2.0,2.2,2.3,15.5,87.3,949.4,15.75,19550.0,0.0
17400,343.0,347.0,349.0,2.3,2.4,2.6,15.5,87.4,949.4,15.75,19550.0,0.0
17460,3.0,356.0,348.0,1.5,1.8,2.0,15.5,87.5,949.4,15.75,19550.0,0.0
17520,3.0,6.0,9.0,2.0,2.1,2.3,15.5,87.6,949.4,15.75,19550.0,0.0
17580,3.0,11.0,17.0,1.9,2.1,2.2,15.5,87.6,949.4,15.75,19550.0,0.0
17640,9.0,0.0,346.0,1.6,2.0,2.3,15.5,87.6,949.4,15.75,19550.0,0.0
17700,9.0,16.0,21.0,1.5,1.6,1.7,15.5,87.7,949.4,15.75,19550.0,0.0
17760,8.0,20.0,38.0,1.7,1.9,2.2,15.5,87.6,949.4,15.75,19550.0,0.0
17820,1.0,8.0,13.0,1.9,2.1,2.3,15.5,87.6,949.4,15.75,19550.0,0.0
17880,15.0,7.0,358.0,1.8,2.0,2.2,15.5,87.7,949.4,15.75,19550.0,0.0
17940,10.0,14.0,21.0,1.6,1.7,1.8,15.5,87.7,949.4,15.75,19550.0,0.0
18000,14.0,19.0,21.0,1.6,1.7,1.7,15.5,87.6,949.4,15.75,19550.0,0.0
18060,17.0,27.0,34.0,1.4,1.6,1.9,15.5,87.6,949.4,15.75,19550.0,0.0
18120,7.0,23.0,34.0,1.1,1.3,1.6,15.5,87.6,949.4,15.75,19550.0,0.0
18180,12.0,18.0,23.0,1.4,1.7,2.0,15.5,87.6,949.4,15.75,19550.0,0.0
18240,8.0,16.0,23.0,1.6,1.8,2.0,15.5,87.6,949.4,15.75,19550.0,0.0
18300,12.0,20.0,26.0,0.8,1.4,1.8,15.5,87.5,949.4,15.75,19550.0,0.0
18360,13.0,17.0,21.0,2.0,2.1,2.4,15.5,87.5,949.4,15.75,19550.0,0.0
18420,13.0,22.0,28.0,1.7,2.0,2.1,15.5,87.5,949.4,15.75,19550.0,0.0
18480,18.0,8.0,354.0,2.0,2.1,2.3,15.5,87.5,949.4,15.75,19550.0,0.0
18540,12.0,22.0,27.0,1.4,1.5,1.7,15.5,87.5,949.4,15.75,19550.0,0.0
18600,5.0,14.0,26.0,1.1,1.2,1.3,15.5,87.5,949.4,15.75,19550.0,0.0
18660,4.0,15.0,27.0,1.4,1.6,1.7,15.5,87.4,949.4,15.75,19550.0,0.0
18720,0.0,9.0,19.0,1.2,1.4,1.6,15.5,87.4,949.3,15.75,19550.0,0.0
18780,11.0,1.0,352.0,0.9,1.0,1.1,15.5,87.3,949.4,15.75,19550.0,0.0
18840,9.0,23.0,38.0,0.7,1.0,1.3,15.5,87.2,949.3,15.75,19550.0,0.0
18900,10.0,20.0,28.0,1.4,1.5,1.6,15.6,87.1,949.3,15.75,19550.0,0.0
18960,6.0,15.0,21.0,1.4,1.5,1.6,15.6,86.9,949.3,15.75,19550.0,0.0
19020,2.0,8.0,15.0,1.6,1.7,1.9,15.6,86.8,949.3,15.75,19550.0,0.0
19080,6.0,1.0,351.0,1.6,1.8,2.0,15.6,86.8,949.4,15.75,19550.0,0.0
19140,0.0,7.0,11.0,1.8,2.0,2.2,15.6,86.7,949.4,15.75,19550.0,0.0
19200,9.0,4.0,0.0,1.9,2.0,2.2,15.7,86.8,949.4,15.75,19550.0,0.0
19260,4.0,11.0,20.0,1.3,1.5,1.7,15.7,86.6,949.4,15.75,19550.0,0.0
19320,5.0,19.0,28.0,1.1,1.4,1.6,15.7,86.6,949.4,15.75,19550.0,0.0
19380,4.0,10.0,18.0,1.3,1.5,1.6,15.7,86.5,949.4,15.75,19550.0,0.0
19440,9.0,16.0,22.0,1.7,1.8,1.9,15.7,86.4,949.4,15.75,19550.0,0.0
19500,7.0,0.0,352.0,1.6,1.8,1.9,15.7,86.5,949.4,15.75,19550.0,0.0
19560,347.0,351.0,355.0,2.0,2.2,2.3,15.7,86.5,949.3,15.75,19550.0,0.0
19620,334.0,337.0,342.0,1.9,2.0,2.1,15.7,86.4,949.4,15.75,19550.0,0.0
19680,321.0,325.0,332.0,1.5,1.5,1.6,15.7,86.3,949.4,15.75,19550.0,0.0
19740,320.0,323.0,327.0,1.5,1.7,1.8,15.7,86.4,949.3,15.75,19550.0,0.0
19800,312.0,324.0,330.0,1.9,2.1,2.3,15.8,86.3,949.4,15.75,19550.0,0.0
19860,314.0,318.0,324.0,1.7,1.9,2.1,15.8,86.0,949.3,15.75,19550.0,0.0
19920,315.0,320.0,324.0,1.5,1.6,1.7,15.8,85.9,949.3,15.75,19550.0,0.0
19980,315.0,318.0,323.0,1.5,1.6,1.7,15.8,85.9,949.3,15.75,19550.0,0.0
20040,312.0,315.0,319.0,1.7,1.8,2.0,15.8,86.0,949.3,15.75,19550.0,0.0
20100,318.0,322.0,325.0,1.5,1.6,1.7,15.8,86.0,949.3,15.75,19550.0,0.0
20160,314.0,319.0,329.0,1.7,1.8,1.9,15.8,86.0,949.3,15.75,19550.0,0.0
20220,316.0,319.0,322.0,1.8,1.9,2.0,15.8,86.1,949.3,15.75,19550.0,0.0
20280,308.0,312.0,318.0,1.6,1.8,2.0,15.8,86.1,949.3,15.75,19550.0,0.0
20340,307.0,309.0,313.0,1.6,1.8,2.2,15.8,86.1,949.3,15.75,19550.0,0.0
20400,301.0,306.0,308.0,1.9,2.0,2.1,15.8,86.0,949.3,15.75,19550.0,0.0
20460,319.0,322.0,328.0,1.8,2.0,2.1,15.8,86.0,949.3,15.75,19550.0,0.0
20520,308.0,314.0,318.0,1.7,1.9,2.0,15.8,86.0,949.3,15.75,19550.0,0.0
20580,314.0,319.0,325.0,1.6,1.9,2.1,15.8,86.0,949.3,15.75,19550.0,0.0
20640,307.0,310.0,316.0,2.1,2.2,2.3,15.8,86.0,949.3,15.75,19550.0,0.0
20700,303.0,306.0,309.0,1.7,1.9,2.0,15.8,86.0,949.3,15.75,19550.0,0.0
20760,316.0,321.0,325.0,2.0,2.1,2.3,15.8,86.0,949.3,15.75,19550.0,0.0
20820,329.0,336.0,340.0,1.7,1.8,2.0,15.8,86.1,949.3,15.75,19550.0,0.0
20880,323.0,337.0,345.0,1.2,1.3,1.4,15.8,86.2,949.3,15.75,19550.0,0.0
20940,330.0,333.0,336.0,1.0,1.0,1.1,15.8,86.1,949.4,15.75,19550.0,0.0
21000,292.0,354.0,358.0,0.1,0.6,0.9,15.8,86.1,949.4,15.75,19550.0,0.0
21060,2.0,349.0,336.0,0.4,0.5,0.8,15.8,86.0,949.4,15.75,19550.0,0.0
21120,13.0,6.0,356.0,1.0,1.2,1.4,15.8,86.1,949.4,15.75,19550.0,0.0
21180,9.0,15.0,24.0,1.1,1.1,1.2,15.8,86.0,949.4,15.75,19550.0,0.0
21240,12.0,18.0,25.0,0.9,1.0,1.1,15.8,86.0,949.4,15.75,19550.0,0.0
21300,7.0,4.0,356.0,0.9,1.0,1.1,15.8,86.0,949.4,15.75,19550.0,0.0
21360,14.0,358.0,350.0,0.8,1.1,1.2,15.8,86.1,949.4,15.75,19550.0,0.0
21420,6.0,0.0,352.0,0.9,1.0,1.2,15.8,86.1,949.4,15.75,19550.0,0.0
21480,6.0,10.0,18.0,0.6,0.7,0.8,15.8,86.1,949.4,15.75,19550.0,0.0
21540,11.0,13.0,20.0,0.7,0.8,0.8,15.8,86.2,949.4,15.75,19550.0,0.0
21600,7.0,18.0,24.0,0.6,0.7,0.8,15.8,86.1,949.4,15.75,19550.0,0.0
21660,21.0,27.0,38.0,0.5,0.7,0.8,15.8,86.2,949.5,15.75,19550.0,0.0
21720,11.0,22.0,31.0,0.5,0.6,0.7,15.8,86.1,949.4,15.75,19550.0,0.0
21780,13.0,21.0,24.0,0.5,0.6,0.7,15.8,86.1,949.4,15.75,19550.0,0.0
21840,6.0,18.0,21.0,0.3,0.5,0.5,15.8,86.1,949.5,15.75,19550.0,0.0
21900,16.0,28.0,41.0,0.3,0.5,0.6,15.8,86.1,949.5,15.75,19550.0,0.0
21960,31.0,38.0,44.0,0.6,0.7,0.8,15.8,86.1,949.5,15.75,19550.0,0.0
22020,3.0,29.0,43.0,0.4,0.7,0.9,15.8,86.0,949.5,15.75,19550.0,0.0
22080,35.0,36.0,38.0,1.0,1.0,1.1,15.8,86.0,949.5,15.75,19550.0,0.0
22140,29.0,35.0,37.0,0.8,0.8,0.9,15.8,85.9,949.5,15.75,19550.0,0.0
22200,39.0,40.0,41.0,0.6,0.6,0.6,15.8,86.0,949.5,15.75,19550.0,0.0
22260,23.0,32.0,39.0,0.6,0.7,0.8,15.8,86.0,949.5,15.75,19550.0,0.0
22320,37.0,42.0,49.0,0.6,0.8,0.9,15.8,86.0,949.5,15.75,19550.0,0.0
22380,22.0,28.0,39.0,0.5,0.7,0.7,15.8,86.0,949.5,15.75,19550.0,0.0
22440,34.0,41.0,52.0,0.6,0.8,1.0,15.8,86.1,949.5,15.75,19550.0,0.0
22500,37.0,48.0,52.0,0.7,0.8,0.9,15.8,86.0,949.5,15.75,19550.0,0.0
22560,43.0,47.0,48.0,0.9,0.9,1.0,15.8,86.1,949.5,15.75,19550.0,0.0
22620,47.0,49.0,56.0,0.8,0.9,0.9,15.8,86.1,949.5,15.75,19550.0,0.0
22680,49.0,62.0,75.0,0.5,0.7,0.9,15.8,86.1,949.5,15.75,19550.0,0.0
22740,50.0,62.0,75.0,0.7,0.9,1.1,15.8,86.1,949.5,15.75,19550.0,0.0
22800,49.0,65.0,82.0,0.6,0.8,0.9,15.8,86.1,949.6,15.75,19550.0,0.0
22860,56.0,64.0,70.0,0.3,0.5,0.6,15.8,86.1,949.6,15.75,19550.0,0.0
22920,73.0,83.0,96.0,0.6,0.6,0.7,15.8,86.1,949.6,15.75,19550.0,0.0
22980,54.0,60.0,69.0,0.7,0.8,0.9,15.8,86.1,949.6,15.75,19550.0,0.0
23040,57.0,63.0,68.0,0.7,0.9,1.0,15.8,86.1,949.6,15.75,19550.0,0.0
23100,56.0,64.0,74.0,0.8,0.9,1.0,15.8,86.1,949.6,15.75,19550.0,0.0
23160,48.0,53.0,60.0,0.7,0.9,1.1,15.8,86.1,949.6,15.75,19550.0,0.0
23220,46.0,67.0,76.0,0.6,0.9,1.0,15.8,86.1,949.6,15.75,19550.0,0.0
23280,39.0,52.0,59.0,0.5,0.5,0.6,15.8,86.0,949.6,15.75,19550.0,0.0
23340,40.0,51.0,53.0,0.7,0.8,0.9,15.8,86.1,949.7,15.75,19550.0,0.0
23400,45.0,49.0,56.0,0.9,1.0,1.2,15.8,86.0,949.7,15.75,19550.0,0.0
23460,39.0,45.0,55.0,1.0,1.3,1.6,15.8,86.0,949.6,15.75,19550.0,0.0
23520,37.0,41.0,44.0,1.4,1.5,1.6,15.8,85.9,949.6,15.75,19550.0,0.0
23580,37.0,46.0,59.0,1.3,1.5,1.6,15.8,85.9,949.7,15.75,19550.0,0.0
23640,31.0,39.0,57.0,1.1,1.3,1.4,15.8,85.9,949.7,15.75,19550.0,0.0
23700,44.0,49.0,55.0,1.1,1.2,1.3,15.8,85.8,949.7,15.75,19550.0,0.0
23760,34.0,50.0,54.0,0.8,1.2,1.3,15.9,85.8,949.7,15.75,19550.0,0.0
23820,7.0,24.0,40.0,0.3,0.9,1.3,15.9,85.8,949.7,15.75,19550.0,0.0
23880,31.0,34.0,38.0,1.2,1.2,1.3,15.9,85.8,949.7,15.75,19550.0,0.0
23940,31.0,34.0,44.0,0.7,0.8,0.9,15.9,85.7,949.7,15.75,19550.0,0.0
24000,31.0,37.0,46.0,1.1,1.2,1.3,15.9,85.8,949.7,15.75,19550.0,0.0
24060,37.0,49.0,59.0,1.0,1.3,1.7,15.9,85.7,949.7,15.75,19550.0,0.0
24120,53.0,57.0,62.0,1.3,1.4,1.5,15.9,85.6,949.8,15.75,19550.0,0.0
24180,51.0,56.0,61.0,0.9,1.0,1.2,15.9,85.5,949.8,15.75,19550.0,0.0
24240,31.0,58.0,102.0,0.6,0.9,1.1,15.9,85.6,949.8,15.75,19550.0,0.0
24300,33.0,46.0,61.0,1.1,1.4,1.6,15.9,85.5,949.8,15.75,19550.0,0.0
24360,51.0,54.0,58.0,1.3,1.3,1.4,15.9,85.5,949.8,15.75,19550.0,0.0
24420,47.0,55.0,65.0,1.1,1.2,1.3,15.9,85.4,949.8,15.75,19550.0,0.0
24480,67.0,74.0,81.0,0.9,1.0,1.1,15.9,85.4,949.8,15.75,19550.0,0.0
24540,41.0,51.0,58.0,0.9,1.0,1.1,15.9,85.4,949.8,15.75,19550.0,0.0
24600,52.0,62.0,71.0,1.0,1.1,1.2,15.9,85.3,949.8,15.75,19550.0,0.0
24660,31.0,37.0,52.0,0.7,0.9,1.0,15.9,85.3,949.8,15.75,19550.0,0.0
24720,41.0,54.0,71.0,0.8,0.9,1.1,15.9,85.3,949.8,15.75,19550.0,0.0
24780,44.0,57.0,70.0,0.8,0.9,1.1,15.9,85.2,949.8,15.75,19550.0,0.0
24840,48.0,50.0,54.0,1.4,1.5,1.8,16.0,85.2,949.8,15.75,19550.0,0.0
24900,48.0,58.0,65.0,1.1,1.3,1.4,16.0,85.1,949.8,15.75,19550.0,0.0
24960,57.0,61.0,71.0,1.2,1.3,1.4,16.0,85.1,949.8,15.75,19550.0,0.0
25020,75.0,80.0,91.0,0.8,0.9,1.3,16.0,85.1,949.8,15.75,19550.0,0.0
25080,62.0,65.0,66.0,1.1,1.2,1.3,16.0,85.1,949.8,15.75,19550.0,0.0
25140,53.0,61.0,71.0,1.3,1.4,1.5,16.0,85.1,949.8,15.75,19550.0,0.0
25200,54.0,63.0,72.0,0.6,0.8,0.9,16.0,85.1,949.9,15.75,19550.0,0.0
25260,7.0,44.0,79.0,0.2,0.3,0.4,16.0,85.2,949.9,15.75,19550.0,0.0
25320,55.0,75.0,86.0,0.4,0.6,0.9,16.0,85.2,949.9,15.75,19550.0,0.0
25380,52.0,66.0,81.0,0.7,1.0,1.2,16.0,85.2,949.9,15.75,19550.0,0.0
25440,56.0,65.0,73.0,0.7,0.8,0.9,16.0,85.1,949.9,15.75,19550.0,0.0
25500,96.0,104.0,112.0,0.5,0.6,0.7,16.0,85.0,949.9,15.75,19550.0,0.0
25560,48.0,62.0,75.0,0.7,0.9,1.0,16.0,85.0,949.9,15.75,19550.0,0.0
25620,27.0,46.0,74.0,0.4,0.5,0.5,16.0,85.0,949.9,15.75,19550.0,0.0
25680,46.0,55.0,65.0,0.3,0.4,0.5,16.0,85.0,949.9,15.75,19550.0,0.0
25740,35.0,55.0,65.0,0.4,0.5,0.6,16.0,84.9,949.9,15.75,19550.0,0.0
25800,46.0,62.0,78.0,0.6,0.7,0.8,16.0,84.9,949.9,15.75,19550.0,0.0
25860,47.0,63.0,77.0,0.5,0.6,0.7,16.0,84.8,949.9,15.75,19550.0,0.0
25920,116.0,344.0,124.0,0.0,0.1,0.2,16.0,84.9,949.9,15.75,19550.0,0.0
25980,18.0,22.0,31.0,0.8,0.8,0.9,16.1,84.8,949.9,15.75,19550.0,0.0
26040,6.0,354.0,336.0,0.4,0.6,0.7,16.1,84.7,949.9,15.75,19550.0,0.0
26100,10.0,17.0,30.0,0.5,0.7,0.8,16.1,84.7,949.9,15.75,19550.0,0.0
26160,16.0,27.0,36.0,1.0,1.2,1.5,16.1,84.6,949.9,15.75,19550.0,0.0
26220,67.0,38.0,330.0,0.1,0.6,1.0,16.1,84.4,949.9,15.75,19550.0,0.0
26280,20.0,72.0,172.0,0.1,0.5,1.0,16.1,84.4,949.9,15.75,19550.0,0.0
26340,153.0,351.0,291.0,0.0,0.2,0.6,16.1,84.4,949.9,15.75,19550.0,0.0
26400,10.0,316.0,215.0,0.1,0.3,0.6,16.2,84.4,949.9,15.75,19550.0,0.0
26460,19.0,33.0,49.0,0.4,0.6,0.7,16.2,84.2,950.0,15.75,19550.0,0.0
26520,106.0,355.0,316.0,0.2,0.5,0.7,16.2,84.2,950.0,15.75,19550.0,0.0
26580,1.0,352.0,343.0,0.8,1.0,1.2,16.2,84.1,950.0,15.75,19550.0,0.0
26640,7.0,353.0,339.0,0.4,0.7,0.9,16.2,84.0,950.0,15.75,19550.0,0.0
26700,0.0,351.0,345.0,0.7,0.8,1.0,16.2,83.9,950.0,15.75,19550.0,0.0
26760,2.0,357.0,351.0,0.7,0.8,0.9,16.2,83.7,950.0,15.75,19550.0,0.0
26820,345.0,350.0,358.0,1.1,1.2,1.3,16.2,83.8,950.0,15.75,19550.0,0.0
26880,332.0,344.0,357.0,0.6,0.7,0.8,16.2,83.6,950.0,15.75,19550.0,0.0
26940,6.0,356.0,342.0,0.3,0.5,0.7,16.2,83.6,950.0,15.75,19550.0,0.0
27000,43.0,187.0,302.0,0.0,0.1,0.2,16.2,83.8,950.0,15.75,19550.0,0.0
27060,57.0,66.0,74.0,0.8,0.9,1.0,16.3,83.6,950.0,15.75,19550.0,0.0
27120,58.0,64.0,72.0,0.9,0.9,1.0,16.3,83.5,950.0,15.75,19550.0,0.0
27180,43.0,51.0,61.0,0.7,0.9,1.0,16.2,83.5,950.0,15.75,19550.0,0.0
27240,44.0,53.0,59.0,0.4,0.4,0.5,16.2,83.5,950.0,15.75,19550.0,0.0
27300,53.0,77.0,89.0,0.0,0.1,0.3,16.2,83.6,950.0,15.75,19550.0,0.0
27360,332.0,344.0,357.0,0.6,0.8,0.9,16.2,83.7,950.0,15.75,19550.0,0.0
27420,3.0,358.0,353.0,0.8,0.9,1.1,16.3,83.4,950.0,15.75,19550.0,0.0
27480,7.0,2.0,355.0,1.1,1.2,1.2,16.3,83.0,950.0,15.75,19550.0,0.0
27540,15.0,8.0,0.0,1.1,1.2,1.4,16.3,83.0,950.0,15.75,19550.0,0.0
27600,7.0,0.0,354.0,0.7,0.8,1.0,16.2,83.0,950.0,15.75,19550.0,0.0
27660,14.0,353.0,329.0,0.1,0.1,0.2,16.2,83.2,950.0,15.75,19550.0,0.0
27720,15.0,6.0,355.0,0.5,0.6,0.7,16.3,83.3,950.0,15.75,19550.0,0.0
27780,20.0,0.0,340.0,0.6,0.9,1.3,16.3,83.4,950.0,15.75,19550.0,0.0
27840,2.0,14.0,40.0,0.7,0.9,1.1,16.3,83.0,950.0,15.75,19550.0,0.0
27900,40.0,6.0,325.0,0.3,0.6,0.8,16.3,83.1,950.0,15.75,19550.0,0.0
27960,37.0,22.0,357.0,0.3,0.6,0.8,16.3,82.8,950.0,15.75,19550.0,0.0
28020,40.0,25.0,353.0,0.3,0.5,0.8,16.3,82.2,950.0,15.75,19550.0,0.0
28080,31.0,337.0,272.0,0.0,0.3,0.6,16.3,82.4,950.0,15.75,19550.0,0.0
28140,37.0,54.0,78.0,0.6,0.9,1.2,16.4,82.3,950.0,15.75,19550.0,0.0
28200,9.0,33.0,53.0,0.5,0.7,1.1,16.4,81.9,950.0,15.75,19550.0,0.0
28260,7.0,32.0,74.0,0.1,0.7,1.0,16.4,82.0,950.0,15.75,19550.0,0.0
28320,289.0,325.0,345.0,0.3,0.6,1.0,16.4,81.6,950.0,15.75,19550.0,0.0
28380,338.0,351.0,0.0,1.1,1.3,1.4,16.4,81.5,950.0,15.75,19550.0,0.0
28440,326.0,339.0,353.0,1.2,1.4,1.7,16.4,81.5,950.0,15.75,19550.0,0.0
28500,95.0,328.0,307.0,0.2,0.8,1.4,16.4,81.7,950.0,15.75,19550.0,0.0
28560,91.0,10.0,353.0,0.5,1.1,1.5,16.5,81.6,950.0,15.75,19550.0,0.0
28620,4.0,349.0,340.0,1.1,1.2,1.4,16.4,81.5,950.1,15.75,19550.0,0.0
28680,316.0,343.0,356.0,0.7,1.0,1.3,16.4,81.7,950.1,15.75,19550.0,0.0
28740,303.0,321.0,334.0,0.5,1.3,1.6,16.4,81.7,950.1,15.75,19550.0,0.0
28800,297.0,312.0,340.0,1.3,1.5,1.7,16.4,81.6,950.1,15.75,19550.0,0.0
28860,295.0,302.0,309.0,1.5,1.7,1.9,16.4,81.5,950.1,15.75,19550.0,0.0
28920,305.0,315.0,324.0,1.4,1.6,1.9,16.5,81.5,950.1,15.75,19550.0,0.0
28980,300.0,309.0,318.0,0.7,0.8,1.0,16.5,81.5,950.1,15.75,19550.0,0.0
29040,116.0,273.0,324.0,0.1,0.4,0.8,16.5,81.5,950.1,15.75,19550.0,0.0
29100,273.0,282.0,294.0,0.8,1.1,1.3,16.5,81.5,950.1,15.75,19550.0,0.0
29160,272.0,326.0,345.0,0.1,0.5,1.1,16.5,81.4,950.1,15.75,19550.0,0.0
29220,281.0,290.0,304.0,0.6,1.2,1.5,16.5,81.5,950.2,15.75,19550.0,0.0
29280,32.0,321.0,295.0,0.2,0.6,1.2,16.5,81.3,950.2,15.75,19550.0,0.0
29340,282.0,318.0,346.0,1.5,1.7,1.8,16.5,81.4,950.2,15.75,19550.0,0.0
29400,8.0,357.0,348.0,1.4,1.7,2.1,16.6,81.3,950.2,15.75,19550.0,0.0
29460,3.0,351.0,342.0,1.4,1.6,1.8,16.6,81.2,950.2,15.75,19550.0,0.0
29520,324.0,341.0,351.0,1.1,1.3,1.5,16.5,81.1,950.2,15.75,19550.0,0.0
29580,332.0,344.0,350.0,1.2,1.3,1.5,16.5,81.3,950.2,15.75,19550.0,0.0
29640,298.0,306.0,312.0,1.4,1.6,1.7,16.5,81.3,950.1,15.75,19550.0,0.0
29700,288.0,298.0,304.0,1.1,1.3,1.5,16.5,81.3,950.1,15.75,19550.0,0.0
29760,271.0,290.0,309.0,0.2,0.9,1.3,16.5,81.3,950.2,15.75,19550.0,0.0
29820,270.0,283.0,296.0,0.8,1.0,1.3,16.5,81.3,950.2,15.75,19550.0,0.0
29880,226.0,246.0,264.0,0.1,0.2,0.3,16.5,81.3,950.2,15.75,19550.0,0.0
29940,295.0,312.0,324.0,0.8,1.3,1.7,16.5,81.3,950.2,15.75,19550.0,0.0
30000,337.0,346.0,355.0,1.2,1.6,1.9,16.5,81.2,950.1,15.75,19550.0,0.0
30060,8.0,0.0,353.0,1.2,1.3,1.4,16.5,81.2,950.2,15.75,19550.0,0.0
30120,4.0,13.0,25.0,0.8,0.9,1.1,16.4,81.3,950.2,15.75,19550.0,0.0
30180,32.0,306.0,294.0,0.3,0.8,1.1,16.4,81.4,950.2,15.75,19550.0,0.0
30240,298.0,312.0,323.0,0.8,1.1,1.2,16.4,81.4,950.2,15.75,19550.0,0.0
30300,310.0,316.0,323.0,1.5,2.1,2.7,16.4,81.2,950.2,15.75,19550.0,0.0
30360,315.0,319.0,326.0,1.8,2.0,2.2,16.4,81.2,950.2,15.75,19550.0,0.0
30420,320.0,325.0,331.0,2.2,2.4,2.6,16.4,81.4,950.2,15.75,19550.0,0.0
30480,20.0,358.0,343.0,1.3,1.8,2.5,16.5,81.5,950.2,15.75,19550.0,0.0
30540,317.0,333.0,348.0,1.6,2.4,2.9,16.5,81.1,950.2,15.75,19550.0,0.0
30600,23.0,1.0,330.0,0.6,0.9,1.3,16.6,80.8,950.2,15.75,19550.0,0.0
30660,307.0,328.0,347.0,0.6,1.2,1.4,16.6,80.9,950.2,15.75,19550.0,0.0
30720,310.0,316.0,323.0,1.1,1.7,2.3,16.6,81.0,950.2,15.75,19550.0,0.0
30780,333.0,339.0,349.0,2.0,2.2,2.4,16.6,80.8,950.2,15.75,19550.0,0.0
30840,333.0,339.0,343.0,2.3,2.5,2.8,16.6,80.3,950.1,15.75,19550.0,0.0
30900,316.0,322.0,329.0,1.9,2.3,2.4,16.6,80.7,950.1,15.75,19550.0,0.0
30960,331.0,335.0,338.0,1.8,1.9,2.1,16.5,80.8,950.1,15.75,19550.0,0.0
31020,304.0,309.0,315.0,1.2,1.4,1.4,16.5,80.5,950.1,15.75,19550.0,0.0
31080,279.0,288.0,297.0,0.9,1.1,1.3,16.5,80.7,950.1,15.75,19550.0,0.0
31140,286.0,294.0,312.0,1.1,1.3,1.5,16.5,80.7,950.1,15.75,19550.0,0.0
31200,323.0,335.0,346.0,1.7,2.0,2.2,16.5,80.6,950.1,15.75,19550.0,0.0
31260,280.0,296.0,317.0,0.5,0.7,1.0,16.5,80.5,950.1,15.75,19550.0,0.0
31320,314.0,330.0,347.0,0.1,0.4,0.6,16.5,80.6,950.1,15.75,19550.0,0.0
31380,298.0,304.0,315.0,0.8,1.1,1.4,16.6,80.6,950.1,15.75,19550.0,0.0
31440,314.0,326.0,342.0,0.2,0.4,0.5,16.6,80.3,950.1,15.75,19550.0,0.0
31500,336.0,345.0,358.0,1.7,1.9,2.1,16.6,80.5,950.1,15.75,19550.0,0.0
31560,17.0,4.0,354.0,0.9,1.9,2.8,16.6,80.4,950.2,15.75,19550.0,0.0
31620,7.0,355.0,339.0,2.1,2.5,2.9,16.6,80.6,950.1,15.75,19550.0,0.0
31680,345.0,350.0,0.0,2.2,2.6,3.1,16.6,80.1,950.1,15.75,19550.0,0.0
31740,2.0,22.0,37.0,0.8,1.8,2.3,16.6,80.2,950.2,15.75,19550.0,0.0
31800,3.0,354.0,348.0,1.2,1.5,1.7,16.6,80.4,950.2,15.75,19550.0,0.0
31860,324.0,341.0,357.0,0.8,1.1,1.3,16.6,80.5,950.2,15.75,19550.0,0.0
31920,284.0,310.0,321.0,0.4,0.7,0.9,16.6,80.6,950.2,15.75,19550.0,0.0
31980,89.0,11.0,294.0,0.1,0.2,0.3,16.6,80.6,950.2,15.75,19550.0,0.0
32040,299.0,314.0,327.0,0.8,1.3,1.6,16.7,80.5,950.2,15.75,19550.0,0.0
32100,35.0,326.0,307.0,0.1,0.6,1.2,16.7,80.2,950.2,15.75,19550.0,0.0
32160,309.0,317.0,325.0,2.0,2.1,2.3,16.7,79.8,950.2,15.75,19550.0,0.0
32220,323.0,338.0,353.0,0.6,1.1,1.5,16.8,79.9,950.3,15.75,19550.0,0.0
32280,311.0,325.0,347.0,0.5,0.9,1.3,16.9,79.5,950.3,15.75,19550.0,0.0
32340,3.0,351.0,333.0,1.2,1.3,1.4,17.0,78.9,950.3,15.75,19550.0,0.0
32400,312.0,324.0,341.0,0.5,0.8,1.1,17.0,78.7,950.3,15.75,19550.0,0.0
32460,15.0,2.0,347.0,1.1,1.5,2.0,17.0,78.9,950.3,15.75,19550.0,0.0
32520,319.0,332.0,345.0,0.4,0.7,1.0,17.0,78.5,950.3,15.75,19550.0,0.0
32580,5.0,358.0,350.0,1.2,1.4,1.5,17.0,78.5,950.3,15.75,19550.0,0.0
32640,11.0,5.0,0.0,1.0,1.2,1.3,17.0,78.6,950.3,15.75,19550.0,0.0
32700,4.0,347.0,334.0,0.6,0.8,1.1,17.0,78.7,950.3,15.75,19550.0,0.0
32760,2.0,342.0,325.0,0.3,0.5,0.8,17.0,78.4,950.3,15.75,19550.0,0.0
32820,34.0,336.0,272.0,0.0,0.1,0.1,17.0,78.4,950.3,15.75,19550.0,0.0
32880,47.0,288.0,248.0,0.0,0.3,0.6,17.0,78.4,950.3,15.75,19550.0,0.0
32940,94.0,283.0,334.0,0.1,0.6,1.1,17.0,78.2,950.3,15.75,19550.0,0.0
33000,252.0,271.0,288.0,0.5,0.6,0.8,17.1,78.1,950.3,15.75,19550.0,0.0
33060,13.0,254.0,116.0,0.0,0.1,0.4,17.1,78.0,950.3,15.75,19550.0,0.0
33120,277.0,310.0,330.0,0.6,0.8,1.1,17.1,77.9,950.3,15.75,19550.0,0.0
33180,264.0,295.0,309.0,0.2,1.2,2.3,17.2,77.9,950.3,15.75,19550.0,0.0
33240,205.0,252.0,279.0,0.3,1.1,1.7,17.2,77.4,950.3,15.75,19550.0,0.0
33300,289.0,309.0,328.0,1.1,1.5,1.9,17.3,77.6,950.3,15.75,19550.0,0.0
33360,274.0,281.0,286.0,1.5,1.6,1.8,17.3,77.1,950.3,15.75,19550.0,0.0
33420,286.0,303.0,312.0,0.9,1.3,1.6,17.3,77.0,950.3,15.75,19550.0,0.0
33480,281.0,287.0,297.0,2.0,2.3,2.5,17.3,76.7,950.2,15.75,19550.0,0.0
33540,276.0,286.0,299.0,2.5,2.8,3.1,17.3,76.8,950.2,15.75,19550.0,0.0
33600,276.0,287.0,293.0,1.1,1.4,1.6,17.3,76.8,950.3,15.75,19550.0,0.0
33660,217.0,228.0,243.0,0.6,0.7,0.8,17.2,77.1,950.3,15.75,19550.0,0.0
33720,276.0,291.0,307.0,1.3,1.7,2.5,17.2,77.1,950.3,15.75,19550.0,0.0
33780,310.0,317.0,330.0,0.7,1.0,1.2,17.2,77.2,950.3,15.75,19550.0,0.0
33840,276.0,300.0,341.0,1.7,2.3,3.1,17.2,77.1,950.3,15.75,19550.0,0.0
33900,62.0,319.0,284.0,0.1,0.5,0.8,17.3,77.0,950.3,15.75,19550.0,0.0
33960,288.0,307.0,318.0,0.5,0.9,1.5,17.3,76.8,950.3,15.75,19550.0,0.0
34020,301.0,322.0,338.0,0.7,0.9,1.2,17.3,76.7,950.3,15.75,19550.0,0.0
34080,255.0,263.0,268.0,1.6,2.5,3.0,17.3,76.5,950.3,15.75,19550.0,0.0
34140,128.0,243.0,267.0,0.2,1.3,1.7,17.3,76.4,950.3,15.75,19550.0,0.0
34200,300.0,312.0,324.0,1.4,1.9,2.2,17.4,76.9,950.3,15.75,19550.0,0.0
34260,283.0,309.0,330.0,0.7,1.5,2.2,17.5,76.5,950.3,15.75,19550.0,0.0
34320,268.0,276.0,292.0,1.3,1.5,1.9,17.6,75.2,950.4,15.75,19550.0,0.0
34380,271.0,282.0,311.0,1.0,1.4,1.9,17.6,74.9,950.3,15.75,19550.0,0.0
34440,246.0,262.0,274.0,1.0,2.3,3.0,17.5,75.2,950.3,15.75,19550.0,0.0
34500,231.0,262.0,303.0,0.4,1.3,1.9,17.5,75.1,950.4,15.75,19550.0,0.0
34560,220.0,229.0,243.0,1.5,1.8,2.1,17.6,75.0,950.4,15.75,19550.0,0.0
34620,255.0,260.0,271.0,1.3,1.5,1.7,17.6,74.9,950.3,15.75,19550.0,0.0
34680,227.0,261.0,275.0,0.5,1.4,1.8,17.6,75.1,950.3,15.75,19550.0,0.0
34740,250.0,273.0,289.0,0.5,1.3,2.1,17.6,75.3,950.3,15.75,19550.0,0.0
34800,222.0,241.0,266.0,0.9,1.1,1.4,17.6,74.9,950.4,15.75,19550.0,0.0
34860,229.0,271.0,332.0,0.1,0.7,1.6,17.7,75.1,950.4,15.75,19550.0,0.0
34920,111.0,204.0,244.0,0.2,0.7,1.3,17.7,74.6,950.4,15.75,19550.0,0.0
34980,211.0,229.0,248.0,0.3,0.8,1.1,17.7,74.4,950.4,15.75,19550.0,0.0
35040,330.0,131.0,0.0,0.0,0.2,0.5,17.7,74.3,950.4,15.75,19550.0,0.0
35100,173.0,243.0,337.0,0.3,1.5,2.7,17.8,74.2,950.4,15.75,19550.0,0.0
35160,234.0,242.0,253.0,2.1,2.3,2.5,17.8,74.1,950.4,15.75,19550.0,0.0
35220,234.0,249.0,257.0,2.3,2.5,2.8,17.8,73.9,950.4,15.75,19550.0,0.0
35280,129.0,234.0,270.0,0.2,1.3,2.5,17.7,74.5,950.4,15.75,19550.0,0.0
35340,219.0,228.0,234.0,1.3,1.4,1.6,17.8,74.2,950.4,15.75,19550.0,0.0
35400,214.0,231.0,252.0,0.6,1.0,1.3,17.8,74.0,950.4,15.75,19550.0,0.0
35460,148.0,230.0,246.0,0.4,1.4,2.0,17.9,74.2,950.4,15.75,19550.0,0.0
35520,231.0,246.0,255.0,1.3,1.8,2.3,17.9,73.5,950.4,15.75,19550.0,0.0
35580,191.0,205.0,219.0,0.8,1.0,1.3,17.9,73.6,950.4,15.75,19550.0,0.0
35640,187.0,209.0,234.0,0.3,0.9,1.4,17.9,73.9,950.4,15.75,19550.0,0.0
35700,151.0,176.0,245.0,0.4,1.0,1.7,17.8,74.1,950.4,15.75,19550.0,0.0
35760,147.0,162.0,170.0,0.8,0.9,1.0,17.8,74.1,950.4,15.75,19550.0,0.0
35820,22.0,144.0,298.0,0.1,1.0,1.9,17.8,74.2,950.4,15.75,19550.0,0.0
35880,242.0,300.0,346.0,0.1,1.0,1.3,17.7,74.8,950.4,15.75,19550.0,0.0
35940,315.0,328.0,340.0,1.2,1.5,1.9,17.7,74.5,950.4,15.75,19550.0,0.0
36000,12.0,355.0,338.0,0.5,0.9,1.2,17.8,74.3,950.5,15.75,19550.0,0.0
36060,276.0,289.0,310.0,0.9,3.0,3.7,17.8,74.6,950.4,15.75,19550.0,0.0
36120,307.0,312.0,317.0,1.8,1.8,2.0,17.9,73.7,950.5,15.75,19550.0,0.0
36180,308.0,322.0,334.0,1.4,1.6,1.8,17.9,73.7,950.5,15.75,19550.0,0.0
36240,99.0,10.0,293.0,0.2,0.4,0.6,17.9,74.1,950.4,15.75,19550.0,0.0
36300,256.0,270.0,288.0,0.8,1.8,2.6,17.9,74.3,950.4,15.75,19550.0,0.0
36360,270.0,280.0,294.0,1.5,2.2,2.7,17.9,74.3,950.4,15.75,19550.0,0.0
36420,206.0,272.0,287.0,0.9,2.4,3.3,17.9,74.2,950.4,15.75,19550.0,0.0
36480,273.0,279.0,294.0,1.5,1.9,2.3,18.0,73.9,950.4,15.75,19550.0,0.0
36540,270.0,277.0,283.0,2.6,2.9,3.2,18.0,73.5,950.4,15.75,19550.0,0.0
36600,237.0,249.0,263.0,1.6,2.1,2.5,17.9,73.7,950.4,15.75,19550.0,0.0
36660,205.0,271.0,302.0,0.1,1.1,2.3,17.9,74.2,950.4,15.75,19550.0,0.0
36720,304.0,308.0,314.0,1.9,2.1,2.5,17.9,74.1,950.4,15.75,19550.0,0.0
36780,291.0,304.0,314.0,2.5,2.9,3.1,17.9,74.1,950.4,15.75,19550.0,0.0
36840,270.0,280.0,293.0,2.4,3.3,4.1,18.0,73.7,950.4,15.75,19550.0,0.0
36900,267.0,269.0,277.0,1.4,1.8,2.0,17.9,73.7,950.4,15.75,19550.0,0.0
36960,270.0,275.0,281.0,1.3,1.5,1.8,17.9,73.7,950.4,15.75,19550.0,0.0
37020,279.0,302.0,323.0,0.5,1.0,1.4,17.9,73.9,950.4,15.75,19550.0,0.0
37080,267.0,274.0,289.0,2.3,2.8,3.1,18.0,73.9,950.4,15.75,19550.0,0.0
37140,267.0,276.0,285.0,1.8,2.0,2.5,18.0,73.3,950.4,15.75,19550.0,0.0
37200,244.0,249.0,256.0,1.2,1.4,1.5,18.0,73.2,950.4,15.75,19550.0,0.0
37260,195.0,226.0,259.0,0.2,0.6,1.1,18.0,73.3,950.4,15.75,19550.0,0.0
37320,91.0,354.0,227.0,0.2,1.0,2.0,18.0,73.4,950.4,15.75,19550.0,0.0
37380,281.0,298.0,322.0,1.5,2.6,3.1,18.1,73.0,950.4,15.75,19550.0,0.0
37440,51.0,308.0,210.0,0.3,1.0,2.0,18.3,72.5,950.4,15.75,19550.0,0.0
37500,18.0,312.0,244.0,0.3,0.9,1.8,18.4,72.3,950.4,15.75,19550.0,0.0
37560,242.0,258.0,276.0,1.9,2.4,2.9,18.6,71.3,950.4,15.75,19550.0,0.0
37620,238.0,266.0,275.0,0.9,2.4,3.6,18.6,71.5,950.4,15.75,19550.0,0.0
37680,270.0,280.0,326.0,0.7,2.5,3.0,18.5,71.3,950.4,15.75,19550.0,0.0
37740,257.0,279.0,295.0,0.8,1.8,2.3,18.5,71.4,950.4,15.75,19550.0,0.0
37800,205.0,222.0,239.0,1.0,1.9,2.5,18.5,71.7,950.4,15.75,19550.0,0.0
37860,155.0,171.0,190.0,1.2,1.9,2.2,18.5,71.3,950.4,15.75,19550.0,0.0
37920,190.0,214.0,286.0,0.1,0.6,1.0,18.5,71.4,950.4,15.75,19550.0,0.0
37980,92.0,218.0,286.0,0.2,0.7,1.4,18.5,71.5,950.4,15.75,19550.0,0.0
38040,192.0,241.0,267.0,1.3,1.8,2.5,18.6,70.9,950.4,15.75,19550.0,0.0
38100,213.0,235.0,258.0,1.8,2.5,3.2,18.7,71.3,950.4,15.75,19550.0,0.0
38160,249.0,258.0,268.0,2.9,3.3,3.6,18.9,70.1,950.4,15.75,19550.0,0.0
38220,269.0,288.0,338.0,1.1,2.1,2.9,19.0,69.6,950.4,15.75,19550.0,0.0
38280,201.0,269.0,306.0,0.2,1.0,1.9,19.1,69.4,950.4,15.75,19550.0,0.0
38340,264.0,312.0,331.0,0.3,0.5,0.7,19.1,69.0,950.4,15.75,19550.0,0.0
38400,125.0,276.0,352.0,0.2,1.3,2.5,19.2,69.2,950.4,15.75,19550.0,0.0
38460,279.0,296.0,316.0,1.6,2.5,3.1,19.4,68.4,950.4,15.75,19550.0,0.0
38520,248.0,268.0,283.0,1.5,3.1,4.6,19.5,67.4,950.4,15.75,19550.0,0.0
38580,269.0,285.0,297.0,2.4,3.0,3.6,19.4,67.5,950.4,15.75,19550.0,0.0
38640,279.0,282.0,286.0,2.6,3.2,4.1,19.2,68.0,950.4,15.75,19550.0,0.0
38700,298.0,306.0,312.0,2.2,2.5,3.0,19.1,68.4,950.4,15.75,19550.0,0.0
38760,282.0,300.0,313.0,0.4,2.6,4.1,18.9,68.9,950.4,15.75,19550.0,0.0
38820,256.0,278.0,293.0,1.7,2.0,2.5,18.9,68.9,950.4,15.75,19550.0,0.0
38880,296.0,327.0,345.0,0.1,1.0,1.6,18.9,69.0,950.4,15.75,19550.0,0.0
38940,92.0,343.0,287.0,0.1,0.6,1.3,18.9,69.0,950.4,15.75,19550.0,0.0
39000,272.0,283.0,292.0,2.6,3.1,3.7,19.1,68.5,950.4,15.75,19550.0,0.0
39060,266.0,277.0,287.0,2.8,3.1,3.5,19.1,68.5,950.3,15.75,19550.0,0.0
39120,280.0,289.0,298.0,2.2,2.7,3.2,19.0,68.8,950.3,15.75,19550.0,0.0
39180,239.0,249.0,263.0,2.7,4.1,4.7,18.9,69.0,950.3,15.75,19550.0,0.0
39240,250.0,259.0,265.0,3.1,3.6,3.8,18.9,69.0,950.4,15.75,19550.0,0.0
39300,239.0,247.0,256.0,2.5,3.0,3.6,18.8,69.4,950.4,15.75,19550.0,0.0
39360,238.0,257.0,270.0,1.4,2.4,3.0,18.8,69.7,950.4,15.75,19550.0,0.0
39420,136.0,187.0,225.0,0.6,1.2,1.9,18.7,69.9,950.4,15.75,19550.0,0.0
39480,236.0,247.0,257.0,2.4,2.7,2.9,18.8,70.0,950.4,15.75,19550.0,0.0
39540,248.0,259.0,269.0,1.9,2.1,2.4,18.8,69.8,950.3,15.75,19550.0,0.0
39600,147.0,257.0,281.0,0.3,1.7,3.0,18.9,69.8,950.3,15.75,19550.0,0.0
39660,237.0,279.0,305.0,0.6,2.0,3.4,18.9,69.7,950.3,15.75,19550.0,0.0
39720,272.0,282.0,297.0,1.1,2.2,2.9,19.0,69.4,950.4,15.75,19550.0,0.0
39780,268.0,284.0,310.0,1.0,2.1,3.3,19.0,69.4,950.3,15.75,19550.0,0.0
39840,256.0,262.0,269.0,2.9,3.5,4.0,19.1,68.9,950.3,15.75,19550.0,0.0
39900,275.0,284.0,291.0,1.1,2.6,2.9,19.0,69.1,950.3,15.75,19550.0,0.0
39960,256.0,267.0,277.0,1.3,2.5,3.3,19.0,69.1,950.3,15.75,19550.0,0.0
40020,234.0,243.0,253.0,2.3,3.0,3.7,19.0,69.2,950.3,15.75,19550.0,0.0
40080,249.0,257.0,266.0,3.4,4.2,4.9,19.0,69.1,950.3,15.75,19550.0,0.0
40140,256.0,272.0,281.0,1.8,3.2,4.1,19.1,68.7,950.3,15.75,19550.0,0.0
40200,267.0,277.0,290.0,1.3,2.2,2.6,19.0,68.8,950.3,15.75,19550.0,0.0
40260,274.0,300.0,325.0,0.9,1.4,2.0,19.0,68.9,950.3,15.75,19550.0,0.0
40320,244.0,257.0,268.0,1.6,3.8,4.9,19.0,69.1,950.2,15.75,19550.0,0.0
40380,249.0,254.0,260.0,2.1,2.4,2.9,19.0,69.2,950.3,15.75,19550.0,0.0
40440,132.0,229.0,260.0,0.7,1.9,2.5,19.0,69.2,950.3,15.75,19550.0,0.0
40500,251.0,265.0,285.0,0.9,1.6,2.2,19.1,68.8,950.3,15.75,19550.0,0.0
40560,202.0,237.0,281.0,0.6,1.2,1.7,19.2,68.5,950.3,15.75,19550.0,0.0
40620,4.0,284.0,207.0,0.1,0.7,1.1,19.3,68.6,950.3,15.75,19550.0,0.0
40680,102.0,221.0,246.0,0.4,2.8,4.0,19.5,68.2,950.3,15.75,19550.0,0.0
40740,71.0,238.0,310.0,0.4,1.3,2.5,19.7,67.6,950.3,15.75,19550.0,0.0
40800,56.0,202.0,115.0,0.1,0.3,0.6,19.8,66.5,950.3,15.75,19550.0,0.0
40860,235.0,260.0,293.0,0.9,2.0,2.9,19.9,66.2,950.2,15.75,19550.0,0.0
40920,252.0,262.0,272.0,2.3,4.2,5.6,20.0,66.3,950.2,15.75,19550.0,0.0
40980,203.0,215.0,231.0,3.0,3.8,4.7,20.1,65.5,950.2,15.75,19550.0,0.0
41040,198.0,211.0,233.0,2.3,3.1,4.0,20.1,65.2,950.2,15.75,19550.0,0.0
41100,198.0,218.0,246.0,1.1,1.6,1.9,20.0,65.6,950.2,15.75,19550.0,0.0
41160,233.0,245.0,253.0,2.5,4.3,4.8,20.0,66.0,950.1,15.75,19550.0,0.0
41220,250.0,258.0,262.0,5.0,5.7,7.0,20.0,65.3,950.0,15.75,19550.0,0.0
41280,260.0,266.0,276.0,1.7,3.8,5.0,20.0,65.4,950.1,15.75,19550.0,0.0
41340,254.0,259.0,264.0,2.9,3.2,3.6,19.9,65.8,950.2,15.75,19550.0,0.0
41400,217.0,228.0,240.0,3.7,4.3,4.6,19.8,66.2,950.1,15.75,19550.0,0.0
41460,224.0,235.0,246.0,2.7,3.6,4.2,19.8,66.2,950.1,15.75,19550.0,0.0
41520,228.0,233.0,241.0,1.7,2.1,2.6,19.7,66.5,950.2,15.75,19550.0,0.0
41580,252.0,279.0,339.0,0.3,1.8,3.4,19.7,67.0,950.1,15.75,19550.0,0.0
41640,232.0,241.0,251.0,1.8,2.1,2.4,19.8,66.8,950.1,15.75,19550.0,0.0
41700,148.0,244.0,271.0,0.2,1.1,1.8,19.8,66.7,950.1,15.75,19550.0,0.0
41760,303.0,310.0,321.0,1.4,1.8,2.3,19.8,66.6,950.1,15.75,19550.0,0.0
41820,256.0,276.0,303.0,1.1,1.5,1.7,19.8,66.7,950.1,15.75,19550.0,0.0
41880,127.0,225.0,260.0,0.1,0.9,1.6,19.8,66.8,950.1,15.75,19550.0,0.0
41940,240.0,256.0,274.0,1.5,3.6,5.0,19.9,67.7,950.0,15.75,19550.0,0.0
42000,210.0,225.0,242.0,3.0,4.1,5.2,20.1,67.6,950.0,15.75,19550.0,0.0
42060,212.0,231.0,246.0,2.6,4.1,5.8,20.3,66.5,950.0,15.75,19550.0,0.0
42120,235.0,250.0,263.0,1.0,3.6,4.5,20.4,65.9,950.0,15.75,19550.0,0.0
42180,224.0,236.0,242.0,3.0,3.8,4.2,20.4,65.8,950.0,15.75,19550.0,0.0
42240,235.0,249.0,257.0,3.6,4.1,4.8,20.4,66.1,950.0,15.75,19550.0,0.0
42300,254.0,269.0,280.0,0.6,1.0,1.5,20.4,65.6,950.1,15.75,19550.0,0.0
42360,146.0,215.0,239.0,0.8,1.6,3.0,20.4,66.5,950.0,15.75,19550.0,0.0
42420,250.0,263.0,273.0,2.2,3.9,5.1,20.4,65.7,949.9,15.75,19550.0,0.0
42480,224.0,241.0,256.0,3.8,4.9,6.2,20.5,65.6,949.9,15.75,19550.0,0.0
42540,249.0,270.0,289.0,2.1,2.7,3.6,20.5,65.4,950.0,15.75,19550.0,0.0
42600,248.0,255.0,269.0,4.2,5.2,5.9,20.5,65.5,949.9,15.75,19550.0,0.0
42660,212.0,248.0,270.0,0.7,3.2,4.5,20.5,65.7,949.9,15.75,19550.0,0.0
42720,208.0,223.0,233.0,2.3,3.0,3.6,20.6,65.2,950.0,15.75,19550.0,0.0
42780,213.0,243.0,268.0,1.1,2.6,3.8,20.6,65.1,950.0,15.75,19550.0,0.0
42840,105.0,286.0,215.0,0.8,2.7,5.1,20.8,64.8,949.9,15.75,19550.0,0.0
42900,257.0,272.0,285.0,1.2,3.1,4.3,20.9,64.0,949.9,15.75,19550.0,0.0
42960,210.0,258.0,276.0,0.3,1.7,3.3,21.0,63.4,950.0,15.75,19550.0,0.0
43020,206.0,255.0,278.0,0.2,2.6,5.6,21.0,63.9,949.9,15.75,19550.0,0.0
43080,286.0,291.0,299.0,3.0,3.7,4.3,21.0,63.2,950.0,15.75,19550.0,0.0
43140,82.0,313.0,141.0,0.1,1.3,3.6,20.9,64.1,949.9,15.75,19550.0,0.0
43200,224.0,236.0,247.0,3.7,4.3,4.8,20.9,64.8,949.9,15.75,19550.0,0.0
43260,18.0,230.0,211.0,0.3,2.8,5.3,21.1,64.2,949.9,15.75,19550.0,0.0
43320,237.0,243.0,247.0,4.8,5.1,5.7,21.3,62.3,949.9,15.75,19550.0,0.0
43380,233.0,245.0,271.0,1.7,2.0,2.3,21.2,62.8,950.0,15.75,19550.0,0.0
43440,237.0,254.0,263.0,4.9,7.0,8.0,21.1,63.8,949.7,15.75,19550.0,0.0
43500,243.0,253.0,267.0,4.3,5.8,6.7,21.0,64.2,949.8,15.75,19550.0,0.0
43560,234.0,242.0,252.0,3.4,3.9,4.8,21.0,63.9,949.9,15.75,19550.0,0.0
43620,241.0,255.0,265.0,3.6,4.6,5.5,20.9,64.3,949.9,15.75,19550.0,0.0
43680,207.0,212.0,219.0,3.2,3.6,3.9,20.8,64.3,949.9,15.75,19550.0,0.0
43740,158.0,173.0,196.0,1.3,3.2,4.8,20.8,64.6,949.9,15.75,19550.0,0.0
43800,250.0,255.0,261.0,5.5,6.1,7.0,20.7,64.6,949.8,15.75,19550.0,0.0
43860,265.0,278.0,291.0,4.1,5.4,6.7,20.7,64.6,949.8,15.75,19550.0,0.0
43920,275.0,286.0,295.0,4.1,5.2,6.2,20.7,64.7,949.8,15.75,19550.0,0.0
43980,252.0,264.0,272.0,2.6,5.2,6.8,20.6,65.1,949.8,15.75,19550.0,0.0
44040,1.0,277.0,248.0,0.3,1.6,2.7,20.6,65.2,949.9,15.75,19550.0,0.0
44100,236.0,262.0,282.0,3.1,4.2,5.1,20.6,65.5,949.9,15.75,19550.0,0.0
44160,220.0,245.0,331.0,0.7,3.2,4.3,20.8,64.6,949.9,15.75,19550.0,0.0
44220,229.0,257.0,282.0,0.6,1.9,3.5,20.7,64.9,950.0,15.75,19550.0,0.0
44280,176.0,210.0,245.0,0.3,1.1,1.9,20.6,65.2,950.0,15.75,19550.0,0.0
44340,232.0,244.0,268.0,1.4,1.6,2.4,20.8,64.7,949.9,15.75,19550.0,0.0
44400,192.0,215.0,234.0,1.0,2.3,3.6,20.9,64.2,949.9,15.75,19550.0,0.0
44460,236.0,253.0,267.0,2.2,4.6,5.8,21.1,64.7,949.9,15.75,19550.0,0.0
44520,228.0,253.0,268.0,1.9,4.5,5.5,21.2,64.0,949.9,15.75,19550.0,0.0
44580,237.0,248.0,265.0,4.0,5.5,6.4,21.2,64.2,949.9,15.75,19550.0,0.0
44640,231.0,265.0,280.0,1.5,4.6,6.0,21.1,63.8,949.8,15.75,19550.0,0.0
44700,256.0,262.0,270.0,3.8,4.3,5.4,20.9,64.5,949.8,15.75,19550.0,0.0
44760,274.0,283.0,293.0,4.5,5.1,5.9,20.8,64.7,949.8,15.75,19550.0,0.0
44820,239.0,271.0,335.0,0.6,3.0,5.2,20.8,64.8,949.8,15.75,19550.0,0.0
44880,229.0,280.0,311.0,1.4,3.2,4.9,20.8,64.8,949.8,15.75,19550.0,0.0
44940,233.0,246.0,256.0,3.7,4.5,5.2,20.9,64.7,949.8,15.75,19550.0,0.0
45000,222.0,238.0,251.0,2.4,2.8,3.3,20.8,64.8,949.9,15.75,19550.0,0.0
45060,199.0,272.0,306.0,0.7,1.8,2.6,20.8,65.1,949.9,15.75,19550.0,0.0
45120,251.0,265.0,276.0,3.1,3.7,5.0,20.8,64.8,949.8,15.75,19550.0,0.0
45180,251.0,263.0,273.0,3.4,4.1,4.7,20.9,64.6,949.8,15.75,19550.0,0.0
45240,248.0,276.0,304.0,0.8,3.0,4.2,20.8,64.8,949.9,15.75,19550.0,0.0
45300,242.0,259.0,274.0,2.6,3.2,3.7,20.8,64.8,949.8,15.75,19550.0,0.0
45360,149.0,212.0,280.0,0.3,0.6,1.3,20.8,64.8,949.9,15.75,19550.0,0.0
45420,236.0,248.0,257.0,4.0,4.8,5.5,20.9,64.5,949.7,15.75,19550.0,0.0
45480,250.0,276.0,313.0,0.6,2.5,3.7,20.9,64.2,949.8,15.75,19550.0,0.0
45540,52.0,316.0,282.0,0.6,2.6,3.8,21.0,64.3,949.8,15.75,19550.0,0.0
45600,256.0,270.0,275.0,3.0,4.6,5.8,21.1,64.1,949.7,15.75,19550.0,0.0
45660,207.0,261.0,310.0,0.3,1.6,3.2,21.3,63.8,949.8,15.75,19550.0,0.0
45720,271.0,283.0,311.0,1.1,4.8,5.8,21.5,62.9,949.7,15.75,19550.0,0.0
45780,192.0,269.0,295.0,0.8,2.6,4.1,21.6,62.9,949.7,15.75,19550.0,0.0
45840,254.0,260.0,276.0,4.0,6.9,8.1,21.7,62.3,949.5,15.75,19550.0,0.0
45900,249.0,257.0,268.0,5.6,6.5,7.8,21.8,62.1,949.5,15.75,19550.0,0.0
45960,239.0,260.0,267.0,2.6,5.8,6.5,21.8,61.7,949.6,15.75,19550.0,0.0
46020,253.0,262.0,270.0,3.6,5.8,7.3,21.7,61.9,949.6,15.75,19550.0,0.0
46080,244.0,251.0,258.0,3.7,4.2,4.8,21.5,62.4,949.6,15.75,19550.0,0.0
46140,237.0,251.0,261.0,4.3,5.1,6.3,21.4,63.1,949.6,15.75,19550.0,0.0
46200,213.0,229.0,250.0,1.5,4.0,5.7,21.3,63.3,949.7,15.75,19550.0,0.0
46260,198.0,227.0,256.0,0.9,2.4,3.6,21.2,63.5,949.6,15.75,19550.0,0.0
46320,242.0,258.0,269.0,1.9,3.8,5.0,21.2,63.5,949.6,15.75,19550.0,0.0
46380,283.0,290.0,306.0,3.1,4.1,4.8,21.3,63.3,949.6,15.75,19550.0,0.0
46440,269.0,278.0,288.0,4.5,4.8,5.2,21.3,63.5,949.5,15.75,19550.0,0.0
46500,227.0,260.0,270.0,0.6,4.0,5.4,21.3,63.4,949.5,15.75,19550.0,0.0
46560,280.0,287.0,294.0,4.5,5.3,6.2,21.5,63.1,949.5,15.75,19550.0,0.0
46620,224.0,243.0,305.0,0.8,3.7,4.9,21.6,63.1,949.5,15.75,19550.0,0.0
46680,232.0,248.0,271.0,2.5,3.7,4.5,21.7,62.3,949.5,15.75,19550.0,0.0
46740,14.0,279.0,138.0,0.2,1.6,2.5,21.7,62.0,949.6,15.75,19550.0,0.0
46800,247.0,261.0,276.0,0.9,2.0,3.8,21.7,62.0,949.5,15.75,19550.0,0.0
46860,241.0,253.0,268.0,3.0,3.8,5.0,21.7,62.1,949.5,15.75,19550.0,0.0
46920,267.0,291.0,313.0,1.5,1.8,2.1,21.8,61.9,949.5,15.75,19550.0,0.0
46980,194.0,235.0,271.0,0.2,2.4,4.3,21.8,62.3,949.6,15.75,19550.0,0.0
47041,248.0,255.0,263.0,2.6,6.4,8.4,22.0,61.6,949.3,15.75,19550.0,0.0
47100,239.0,247.0,254.0,4.7,5.3,6.0,22.0,61.5,949.4,15.75,19550.0,0.0
47160,240.0,275.0,283.0,1.6,5.9,7.8,22.0,61.6,949.4,15.75,19550.0,0.0
47220,276.0,291.0,310.0,3.2,5.2,7.2,21.8,61.7,949.4,15.75,19550.0,0.0
47280,278.0,285.0,298.0,4.7,5.3,6.1,21.6,62.3,949.4,15.75,19550.0,0.0
47340,233.0,246.0,256.0,2.7,3.3,3.8,21.5,62.7,949.5,15.75,19550.0,0.0
47400,182.0,139.0,306.0,0.3,1.3,2.2,21.4,63.3,949.5,15.75,19550.0,0.0
47460,321.0,338.0,354.0,0.9,1.4,1.9,21.6,62.6,949.5,15.75,19550.0,0.0
47520,278.0,294.0,320.0,0.8,2.0,2.5,21.7,62.4,949.4,15.75,19550.0,0.0
47580,276.0,291.0,329.0,0.8,2.8,3.8,21.9,62.2,949.4,15.75,19550.0,0.0
47640,294.0,300.0,311.0,3.6,4.5,5.6,22.1,60.8,949.3,15.75,19550.0,0.0
47700,280.0,313.0,348.0,0.9,2.0,3.1,22.1,60.7,949.4,15.75,19550.0,0.0
47760,225.0,242.0,261.0,3.3,4.3,5.0,22.1,61.2,949.4,15.75,19550.0,0.0
47820,211.0,253.0,275.0,1.4,3.0,4.3,22.0,61.1,949.3,15.75,19550.0,0.0
47880,282.0,304.0,324.0,2.9,3.5,4.4,22.0,61.0,949.3,15.75,19550.0,0.0
47940,212.0,247.0,261.0,1.8,3.3,4.0,22.1,61.3,949.4,15.75,19550.0,0.0
48000,227.0,286.0,343.0,0.9,2.9,4.9,22.3,60.3,949.3,15.75,19550.0,0.0
48060,229.0,258.0,279.0,1.3,3.8,4.9,22.5,59.8,949.4,15.75,19550.0,0.0
48120,268.0,285.0,296.0,2.4,4.8,6.0,22.7,59.2,949.4,15.75,19550.0,0.0
48180,303.0,317.0,331.0,1.9,2.3,2.9,22.8,58.2,949.5,15.75,19550.0,0.0
48240,248.0,260.0,270.0,1.5,3.0,4.0,22.7,59.6,949.4,15.75,19550.0,0.0
48300,245.0,266.0,358.0,0.9,5.8,8.4,22.7,60.2,949.4,15.75,19550.0,0.0
48360,247.0,256.0,263.0,5.3,6.4,7.8,22.6,60.2,949.3,15.75,19550.0,0.0
48420,219.0,251.0,272.0,1.9,3.6,5.2,22.4,60.4,949.4,15.75,19550.0,0.0
48480,273.0,280.0,294.0,4.0,5.5,6.8,22.4,60.8,949.3,15.75,19550.0,0.0
48540,256.0,272.0,287.0,3.0,5.1,7.5,22.4,60.8,949.3,15.75,19550.0,0.0
48600,286.0,293.0,300.0,4.3,5.1,5.8,22.4,60.2,949.3,15.75,19550.0,0.0
48660,280.0,298.0,324.0,2.6,4.0,5.8,22.4,60.1,949.4,15.75,19550.0,0.0
48720,274.0,295.0,324.0,1.9,5.1,6.9,22.5,59.9,949.4,15.75,19550.0,0.0
48780,248.0,266.0,278.0,2.2,3.4,5.1,22.7,59.4,949.4,15.75,19550.0,0.0
48840,242.0,253.0,264.0,3.7,5.0,6.1,22.8,59.0,949.3,15.75,19550.0,0.0
48900,226.0,277.0,358.0,0.5,2.2,4.3,22.7,59.5,949.4,15.75,19550.0,0.0
48960,240.0,266.0,282.0,2.1,3.7,4.7,22.7,59.5,949.4,15.75,19550.0,0.0
49020,181.0,253.0,272.0,1.5,3.9,6.9,22.7,59.7,949.3,15.75,19550.0,0.0
49080,259.0,263.0,268.0,6.5,7.1,7.9,22.8,59.0,949.1,15.75,19550.0,0.0
49140,265.0,275.0,283.0,2.1,4.2,5.5,22.6,59.8,949.3,15.75,19550.0,0.0
49200,231.0,243.0,253.0,4.0,5.6,6.6,22.4,60.3,949.3,15.75,19550.0,0.0
49260,221.0,238.0,248.0,3.2,4.1,5.1,22.3,60.5,949.4,15.75,19550.0,0.0
49320,217.0,240.0,257.0,2.0,4.8,7.2,22.2,61.3,949.4,15.75,19550.0,0.0
49380,245.0,257.0,268.0,1.7,4.8,5.7,22.1,61.0,949.3,15.75,19550.0,0.0
49440,241.0,245.0,255.0,4.7,5.7,6.5,22.0,61.5,949.2,15.75,19550.0,0.0
49500,235.0,248.0,260.0,3.5,4.0,4.4,21.9,62.0,949.3,15.75,19550.0,0.0
49560,225.0,241.0,268.0,3.1,3.7,4.2,21.9,62.2,949.3,15.75,19550.0,0.0
49620,249.0,259.0,280.0,0.9,3.0,3.7,22.2,61.1,949.3,15.75,19550.0,0.0
49680,233.0,243.0,247.0,2.9,3.4,3.9,22.5,60.2,949.3,15.75,19550.0,0.0
49740,208.0,248.0,298.0,0.3,1.5,3.0,22.6,59.9,949.4,15.75,19550.0,0.0
49800,261.0,267.0,275.0,4.6,5.3,5.8,22.5,60.1,949.2,15.75,19550.0,0.0
49884,219.0,233.0,247.0,3.1,5.0,6.7,22.3,60.7,949.3,15.75,19550.0,0.0
49920,232.0,238.0,248.0,3.3,3.7,4.5,22.2,60.9,949.2,15.75,19550.0,0.0
49980,203.0,213.0,226.0,1.8,3.9,5.3,22.1,61.5,949.3,15.75,19550.0,0.0
50040,172.0,223.0,311.0,0.3,1.7,2.9,22.3,60.6,949.3,15.75,19550.0,0.0
50100,236.0,244.0,251.0,5.6,6.2,6.9,22.5,60.1,949.1,15.75,19550.0,0.0
50160,235.0,244.0,256.0,2.7,4.1,5.0,22.5,60.0,949.3,15.75,19550.0,0.0
50220,216.0,232.0,256.0,3.6,4.2,5.2,22.4,60.4,949.2,15.75,19550.0,0.0
50280,226.0,246.0,272.0,2.7,3.3,4.1,22.4,60.4,949.3,15.75,19550.0,0.0
50340,249.0,260.0,273.0,1.7,3.1,3.8,22.3,60.8,949.3,15.75,19550.0,0.0
50400,227.0,247.0,262.0,1.8,3.8,5.4,22.2,61.1,949.3,15.75,19550.0,0.0
50460,226.0,256.0,297.0,0.8,1.7,2.5,22.1,61.4,949.2,15.75,19550.0,0.0
50520,206.0,254.0,281.0,0.8,3.5,5.3,22.1,61.4,949.2,15.75,19550.0,0.0
50580,267.0,277.0,292.0,1.7,4.1,5.5,22.2,61.4,949.2,15.75,19550.0,0.0
50640,283.0,290.0,295.0,7.1,7.8,8.6,22.1,61.6,949.0,15.75,19550.0,0.0
50700,288.0,301.0,319.0,1.9,3.5,4.3,22.0,62.3,949.2,15.75,19550.0,0.0
50760,264.0,284.0,302.0,0.7,3.1,3.9,22.0,62.1,949.2,15.75,19550.0,0.0
50820,294.0,305.0,325.0,3.2,4.1,5.0,22.0,62.0,949.2,15.75,19550.0,0.0
50880,111.0,272.0,354.0,0.4,1.8,3.1,22.1,62.0,949.2,15.75,19550.0,0.0
50940,249.0,279.0,344.0,0.4,2.8,4.5,22.4,61.4,949.3,15.75,19550.0,0.0
51000,202.0,216.0,230.0,2.2,2.9,3.9,22.8,60.3,949.2,15.75,19550.0,0.0
51060,215.0,226.0,238.0,5.0,5.9,6.4,23.2,58.6,949.1,15.75,19550.0,0.0
51120,211.0,226.0,245.0,3.1,4.0,5.0,23.4,58.3,949.2,15.75,19550.0,0.0
51180,252.0,265.0,288.0,1.9,3.8,5.1,23.5,57.5,949.1,15.75,19550.0,0.0
51240,252.0,267.0,311.0,1.1,4.5,8.9,23.5,57.7,949.0,15.75,19550.0,0.0
51300,251.0,263.0,270.0,3.1,5.7,7.5,23.2,58.0,949.0,15.75,19550.0,0.0
51360,224.0,241.0,259.0,4.5,5.6,6.4,22.8,59.3,949.1,15.75,19550.0,0.0
51420,227.0,235.0,241.0,4.4,5.2,5.8,22.7,59.8,949.1,15.75,19550.0,0.0
51480,167.0,186.0,196.0,3.8,5.4,6.4,22.7,59.9,949.1,15.75,19550.0,0.0
51540,176.0,206.0,233.0,3.5,5.0,6.6,22.6,60.2,949.1,15.75,19550.0,0.0
51600,201.0,210.0,218.0,5.9,6.8,7.8,22.7,59.8,948.9,15.75,19550.0,0.0
51660,193.0,225.0,252.0,7.3,8.0,8.9,22.6,60.2,948.8,15.75,19550.0,0.0
51722,223.0,231.0,241.0,6.4,7.1,7.7,22.6,60.5,948.9,15.75,19550.0,0.0
51780,243.0,254.0,261.0,4.8,5.7,6.6,22.6,60.4,949.0,15.75,19550.0,0.0
51840,161.0,196.0,238.0,1.2,3.4,5.8,22.6,60.9,949.0,15.75,19550.0,0.0
51900,208.0,227.0,239.0,4.5,5.5,6.7,22.8,60.0,949.0,15.75,19550.0,0.0
51960,212.0,218.0,233.0,7.0,7.7,8.4,23.0,58.9,948.9,15.75,19550.0,0.0
52020,225.0,234.0,242.0,5.6,7.1,7.9,22.7,59.8,948.9,15.75,19550.0,0.0
52080,212.0,220.0,227.0,5.8,7.1,8.3,22.4,60.8,948.8,15.75,19550.0,0.0
52140,198.0,207.0,217.0,4.4,4.8,5.3,22.3,60.9,949.0,15.75,19550.0,0.0
52200,202.0,211.0,223.0,6.5,7.4,8.7,22.2,61.2,948.9,15.75,19550.0,0.0
52263,198.0,213.0,227.0,3.5,5.4,6.1,22.1,62.1,948.9,15.75,19550.0,0.0
52320,222.0,235.0,250.0,3.8,4.4,4.9,22.2,61.7,949.0,15.75,19550.0,0.0
52380,186.0,195.0,209.0,5.2,6.0,7.2,22.1,61.9,948.9,15.75,19550.0,0.0
52440,186.0,198.0,210.0,3.9,4.7,6.0,22.1,62.0,949.0,15.75,19550.0,0.0
52500,191.0,219.0,237.0,4.0,5.1,6.5,22.0,62.4,949.0,15.75,19550.0,0.0
52560,207.0,215.0,227.0,5.9,6.6,7.3,22.3,61.1,948.9,15.75,19550.0,0.0
52620,212.0,232.0,250.0,2.5,3.2,3.9,22.4,61.1,949.0,15.75,19550.0,0.0
52680,183.0,199.0,215.0,3.9,4.7,5.4,22.4,61.1,948.9,15.75,19550.0,0.0
52740,182.0,201.0,217.0,1.5,3.7,5.7,22.3,61.5,948.9,15.75,19550.0,0.0
52800,192.0,206.0,231.0,4.5,6.1,7.3,22.3,61.5,948.9,15.75,19550.0,0.0
52860,188.0,198.0,209.0,3.2,4.2,6.2,22.5,60.6,948.9,15.75,19550.0,0.0
52920,159.0,187.0,210.0,3.2,4.4,5.8,22.5,60.9,948.8,15.75,19550.0,0.0
52980,206.0,216.0,226.0,5.4,6.3,7.6,22.6,60.6,948.8,15.75,19550.0,0.0
53040,195.0,211.0,224.0,4.5,6.1,7.6,22.5,60.5,948.8,15.75,19550.0,0.0
53100,206.0,216.0,222.0,3.7,4.7,5.1,22.5,60.5,948.8,15.75,19550.0,0.0
53160,165.0,188.0,205.0,3.2,3.8,4.8,22.2,61.5,948.8,15.75,19550.0,0.0
53220,178.0,198.0,220.0,1.7,2.4,2.8,22.1,62.0,948.8,15.75,19550.0,0.0
53308,196.0,213.0,224.0,1.8,3.0,3.8,22.2,61.3,948.8,15.75,19550.0,0.0
53340,174.0,194.0,212.0,1.9,2.7,3.3,22.3,61.2,948.8,15.75,19550.0,0.0
53400,225.0,239.0,252.0,4.0,5.1,6.1,22.3,61.3,948.8,15.75,19550.0,0.0
53460,236.0,243.0,256.0,4.4,6.1,7.5,22.6,60.2,948.7,15.75,19550.0,0.0
53520,227.0,242.0,253.0,2.4,6.2,8.4,22.9,59.2,948.7,15.75,19550.0,0.0
53580,229.0,242.0,249.0,5.6,6.1,6.6,22.9,59.1,948.7,15.75,19550.0,0.0
53640,253.0,264.0,272.0,2.5,5.5,7.1,22.5,60.2,948.7,15.75,19550.0,0.0
53700,71.0,258.0,192.0,0.3,2.9,5.7,22.2,61.3,948.8,15.75,19550.0,0.0
53760,217.0,243.0,249.0,3.0,4.1,4.4,22.2,61.2,948.8,15.75,19550.0,0.0
53820,230.0,251.0,258.0,2.9,4.7,5.7,22.3,61.1,948.7,15.75,19550.0,0.0
53880,272.0,293.0,323.0,0.9,2.3,3.2,22.4,60.5,948.7,15.75,19550.0,0.0
53940,211.0,227.0,246.0,1.3,4.2,5.4,22.3,60.7,948.6,15.75,19550.0,0.0
54000,240.0,249.0,259.0,3.1,4.8,5.9,22.5,60.2,948.6,15.75,19550.0,0.0
54060,231.0,249.0,259.0,2.9,3.5,4.0,22.7,59.6,948.7,15.75,19550.0,0.0
54120,221.0,232.0,244.0,4.2,4.9,5.8,22.7,59.7,948.6,15.75,19550.0,0.0
54180,173.0,195.0,235.0,0.5,3.3,4.6,22.6,60.2,948.7,15.75,19550.0,0.0
54240,203.0,227.0,259.0,3.1,5.4,8.3,22.5,60.2,948.5,15.75,19550.0,0.0
54300,244.0,252.0,258.0,4.5,5.2,5.6,22.6,59.6,948.5,15.75,19550.0,0.0
54360,239.0,249.0,261.0,3.7,4.5,5.4,22.7,59.6,948.5,15.75,19550.0,0.0
54420,219.0,237.0,255.0,3.5,4.3,5.3,22.6,60.1,948.6,15.75,19550.0,0.0
54480,200.0,218.0,229.0,3.9,4.6,5.5,22.8,59.3,948.6,15.75,19550.0,0.0
54540,185.0,208.0,222.0,1.8,3.1,4.0,22.9,59.0,948.6,15.75,19550.0,0.0
54600,216.0,233.0,246.0,2.8,4.0,4.6,22.7,59.4,948.6,15.75,19550.0,0.0
54660,201.0,213.0,230.0,3.7,4.8,5.6,22.5,60.0,948.6,15.75,19550.0,0.0
54720,214.0,231.0,244.0,2.9,4.0,4.6,22.3,60.8,948.6,15.75,19550.0,0.0
54780,140.0,237.0,266.0,0.6,2.8,4.3,22.4,60.4,948.5,15.75,19550.0,0.0
54840,216.0,242.0,262.0,2.5,3.2,3.9,22.5,60.3,948.6,15.75,19550.0,0.0
54900,231.0,254.0,319.0,0.7,3.5,4.4,22.7,59.7,948.5,15.75,19550.0,0.0
54960,199.0,231.0,265.0,2.5,3.2,3.9,22.8,59.4,948.6,15.75,19550.0,0.0
55020,255.0,268.0,290.0,2.1,4.9,6.7,23.0,58.6,948.4,15.75,19550.0,0.0
55080,197.0,286.0,347.0,0.4,2.7,5.1,23.2,58.5,948.4,15.75,19550.0,0.0
55140,272.0,276.0,280.0,2.8,3.9,4.3,23.1,58.3,948.5,15.75,19550.0,0.0
55200,246.0,254.0,263.0,4.8,5.8,6.8,22.8,59.3,948.4,15.75,19550.0,0.0
55260,191.0,269.0,297.0,0.5,2.4,3.9,22.7,59.7,948.5,15.75,19550.0,0.0
55320,232.0,242.0,256.0,3.9,5.0,6.0,22.9,58.7,948.4,15.75,19550.0,0.0
55380,190.0,204.0,226.0,1.8,4.5,6.2,23.1,57.8,948.4,15.75,19550.0,0.0
55440,194.0,209.0,224.0,2.8,3.4,4.2,23.1,57.9,948.5,15.75,19550.0,0.0
55500,212.0,235.0,245.0,3.6,4.6,5.5,23.2,57.8,948.4,15.75,19550.0,0.0
55560,196.0,208.0,225.0,3.8,4.9,5.5,23.4,57.2,948.4,15.75,19550.0,0.0
55620,220.0,241.0,264.0,3.4,4.1,5.1,23.3,57.5,948.4,15.75,19550.0,0.0
55680,223.0,239.0,246.0,4.7,5.6,6.4,23.2,57.9,948.3,15.75,19550.0,0.0
55740,245.0,250.0,255.0,5.4,6.1,7.7,23.2,58.0,948.3,15.75,19550.0,0.0
55800,227.0,241.0,259.0,3.9,4.8,5.6,23.0,58.6,948.4,15.75,19550.0,0.0
55860,223.0,240.0,260.0,2.7,4.3,5.3,22.9,58.9,948.4,15.75,19550.0,0.0
55920,241.0,252.0,264.0,3.0,3.7,4.1,22.9,58.6,948.4,15.75,19550.0,0.0
55980,27.0,288.0,270.0,1.3,5.0,7.3,22.9,58.9,948.3,15.75,19550.0,0.0
56040,158.0,269.0,332.0,0.3,2.0,6.4,23.0,58.8,948.5,15.75,19550.0,0.0
56100,201.0,236.0,262.0,2.1,3.8,5.1,23.2,57.5,948.5,15.75,19550.0,0.0
56160,223.0,236.0,258.0,1.8,4.2,5.4,23.5,56.7,948.4,15.75,19550.0,0.0
56220,89.0,240.0,270.0,0.2,1.9,3.9,23.5,56.8,948.5,15.75,19550.0,0.0
56280,191.0,219.0,259.0,0.4,1.7,3.4,23.5,56.8,948.5,15.75,19550.0,0.0
56340,230.0,245.0,264.0,3.5,4.5,5.2,23.5,56.8,948.4,15.75,19550.0,0.0
56400,208.0,223.0,242.0,2.4,4.0,4.7,23.6,57.0,948.4,15.75,19550.0,0.0
56460,214.0,234.0,251.0,1.8,3.0,4.2,23.7,56.8,948.4,15.75,19550.0,0.0
56520,240.0,251.0,260.0,2.4,2.7,2.9,23.7,56.0,948.4,15.75,19550.0,0.0
56580,250.0,262.0,286.0,1.7,3.7,5.1,23.7,56.4,948.4,15.75,19550.0,0.0
56640,162.0,253.0,287.0,0.8,2.1,3.0,23.6,56.9,948.4,15.75,19550.0,0.0
56700,227.0,241.0,253.0,2.0,2.7,3.8,23.5,57.1,948.4,15.75,19550.0,0.0
56760,253.0,264.0,279.0,1.4,3.9,5.1,23.6,56.7,948.3,15.75,19550.0,0.0
56820,269.0,276.0,291.0,2.9,4.4,5.6,23.5,56.9,948.3,15.75,19550.0,0.0
56880,234.0,252.0,270.0,2.7,3.4,4.0,23.3,57.3,948.3,15.75,19550.0,0.0
56940,228.0,244.0,255.0,3.9,5.0,5.6,23.1,58.1,948.2,15.75,19550.0,0.0
57000,224.0,234.0,240.0,4.9,5.5,6.0,23.0,58.0,948.2,15.75,19550.0,0.0
57060,218.0,231.0,236.0,3.6,4.7,5.5,22.9,58.6,948.3,15.75,19550.0,0.0
57120,201.0,211.0,223.0,3.3,3.8,4.4,22.7,59.1,948.3,15.75,19550.0,0.0
57180,247.0,252.0,259.0,5.1,6.3,6.8,22.4,59.7,948.2,15.75,19550.0,0.0
57240,227.0,239.0,249.0,3.8,4.5,5.8,22.5,59.7,948.2,15.75,19550.0,0.0
57300,232.0,257.0,273.0,1.2,4.5,6.1,22.5,59.9,948.2,15.75,19550.0,0.0
57360,221.0,243.0,255.0,4.4,5.6,6.7,22.6,59.6,948.2,15.75,19550.0,0.0
57420,236.0,244.0,251.0,4.2,5.1,5.7,22.8,59.0,948.2,15.75,19550.0,0.0
57480,231.0,242.0,254.0,4.3,5.5,6.7,22.7,59.3,948.1,15.75,19550.0,0.0
57540,192.0,217.0,232.0,0.9,2.7,3.7,22.5,60.1,948.2,15.75,19550.0,0.0
57600,245.0,262.0,271.0,1.5,3.2,4.6,22.6,59.8,948.2,15.75,19550.0,0.0
57660,94.0,219.0,288.0,0.3,1.6,3.1,22.6,59.9,948.2,15.75,19550.0,0.0
57720,200.0,209.0,222.0,2.8,3.2,3.6,22.9,59.1,948.2,15.75,19550.0,0.0
57780,207.0,255.0,288.0,1.2,4.1,5.9,22.9,58.9,948.2,15.75,19550.0,0.0
57840,212.0,238.0,269.0,3.1,4.2,6.0,22.9,58.9,948.1,15.75,19550.0,0.0
57900,263.0,271.0,287.0,1.9,4.0,5.3,23.0,58.4,948.1,15.75,19550.0,0.0
57960,222.0,238.0,254.0,3.8,4.8,6.1,22.9,58.7,948.1,15.75,19550.0,0.0
58020,209.0,224.0,239.0,1.7,2.1,2.8,22.8,59.0,948.2,15.75,19550.0,0.0
58080,248.0,257.0,264.0,3.3,4.5,5.6,22.7,59.2,948.1,15.75,19550.0,0.0
58140,118.0,256.0,300.0,0.8,3.6,6.3,22.6,59.7,948.1,15.75,19550.0,0.0
58199,252.0,274.0,284.0,2.8,5.3,7.6,22.6,59.5,948.0,15.75,19550.0,0.0
58260,263.0,280.0,287.0,2.9,3.7,4.5,22.5,59.9,948.1,15.75,19550.0,0.0
58319,238.0,265.0,285.0,4.3,5.8,7.7,22.2,60.6,948.0,15.75,19550.0,0.0
58380,227.0,239.0,251.0,4.1,4.9,5.4,22.1,61.2,948.0,15.75,19550.0,0.0
58440,254.0,259.0,262.0,5.9,6.7,7.8,22.3,60.5,948.0,15.75,19550.0,0.0
58499,229.0,250.0,262.0,3.7,5.4,6.2,22.5,60.0,948.0,15.75,19550.0,0.0
58560,252.0,267.0,291.0,1.5,4.8,6.4,22.4,60.3,948.0,15.75,19550.0,0.0
58620,232.0,244.0,265.0,1.1,3.6,4.4,22.3,60.7,948.0,15.75,19550.0,0.0
58679,244.0,253.0,260.0,3.5,3.8,4.8,22.2,61.0,948.0,15.75,19550.0,0.0
58740,220.0,256.0,289.0,0.7,1.9,5.0,22.1,61.4,948.1,15.75,19550.0,0.0
58799,248.0,265.0,279.0,1.7,3.9,5.5,22.0,61.8,948.0,15.75,19550.0,0.0
58860,263.0,275.0,286.0,1.6,3.0,4.0,22.0,61.4,948.0,15.75,19550.0,0.0
58920,183.0,229.0,253.0,1.8,3.7,5.1,22.1,61.0,948.0,15.75,19550.0,0.0
58980,221.0,235.0,257.0,3.4,4.2,5.2,22.5,59.7,947.9,15.75,19550.0,0.0
59040,216.0,225.0,231.0,4.9,5.8,6.5,22.9,57.7,947.9,15.75,19550.0,0.0
59099,207.0,225.0,247.0,1.8,3.1,4.2,22.8,58.0,948.0,15.75,19550.0,0.0
59159,155.0,230.0,254.0,0.7,3.5,5.8,22.8,58.9,947.9,15.75,19550.0,0.0
59219,249.0,256.0,263.0,5.2,5.8,6.3,22.9,58.5,947.9,15.75,19550.0,0.0
59280,250.0,282.0,312.0,0.5,2.2,3.4,22.7,58.7,948.0,15.75,19550.0,0.0
59340,232.0,251.0,275.0,1.6,2.5,3.2,22.6,59.1,948.0,15.75,19550.0,0.0
59400,185.0,200.0,226.0,4.5,5.4,6.6,22.6,59.0,948.0,15.75,19550.0,0.0
59460,195.0,202.0,210.0,5.2,5.7,6.8,22.8,58.3,947.9,15.75,19550.0,0.0
59519,206.0,215.0,223.0,4.1,5.4,6.9,22.6,58.7,947.9,15.75,19550.0,0.0
59580,207.0,222.0,233.0,3.5,4.3,4.8,22.5,58.9,948.0,15.75,19550.0,0.0
59639,223.0,237.0,250.0,5.4,6.3,7.3,22.5,58.7,947.8,15.75,19550.0,0.0
59702,224.0,233.0,245.0,4.7,5.4,6.3,22.4,59.1,947.9,15.75,19550.0,0.0
59760,226.0,231.0,240.0,5.1,6.3,7.6,22.3,59.4,947.9,15.75,19550.0,0.0
59819,199.0,216.0,224.0,3.9,4.7,5.5,22.2,59.4,948.0,15.75,19550.0,0.0
59880,200.0,215.0,227.0,4.0,5.4,6.6,22.1,59.9,948.0,15.75,19550.0,0.0
59939,205.0,216.0,225.0,4.5,6.1,7.1,22.0,60.3,947.9,15.75,19550.0,0.0
60000,211.0,224.0,248.0,2.7,3.7,4.5,21.8,60.9,947.9,15.75,19550.0,0.0
60059,218.0,227.0,233.0,3.7,4.3,5.2,21.9,61.1,948.0,15.75,19550.0,0.0
60119,248.0,259.0,270.0,3.0,4.3,4.8,22.0,60.8,948.0,15.75,19550.0,0.0
60179,224.0,240.0,246.0,3.9,5.2,6.1,21.9,61.0,947.9,15.75,19550.0,0.0
60239,217.0,231.0,242.0,3.9,5.1,6.3,22.1,60.2,947.9,15.75,19550.0,0.0
60299,201.0,219.0,244.0,3.7,4.4,5.3,22.3,59.7,947.9,15.75,19550.0,0.0
60360,208.0,222.0,236.0,2.7,3.7,4.6,22.3,59.8,947.9,15.75,19550.0,0.0
60420,225.0,235.0,249.0,4.0,5.2,6.6,22.5,59.3,947.9,15.75,19550.0,0.0
60480,230.0,248.0,260.0,2.6,3.8,5.0,22.6,58.9,948.0,15.75,19550.0,0.0
60539,144.0,240.0,257.0,1.2,4.9,7.4,22.6,58.9,947.9,15.75,19550.0,0.0
60599,189.0,219.0,251.0,1.4,3.7,4.9,22.5,59.0,948.0,15.75,19550.0,0.0
60659,204.0,221.0,252.0,4.4,5.9,7.7,22.5,58.8,947.9,15.75,19550.0,0.0
60719,210.0,220.0,230.0,5.2,5.8,6.5,22.4,59.0,947.9,15.75,19550.0,0.0
60779,202.0,211.0,218.0,5.8,6.3,6.9,22.1,59.8,947.9,15.75,19550.0,0.0
60839,192.0,207.0,222.0,3.1,4.0,5.3,21.9,60.9,948.0,15.75,19550.0,0.0
60900,219.0,227.0,235.0,4.3,5.0,6.2,21.6,61.4,947.9,15.75,19550.0,0.0
60959,218.0,228.0,234.0,4.5,5.4,6.0,21.5,61.9,947.9,15.75,19550.0,0.0
61019,214.0,228.0,233.0,3.8,4.5,5.3,21.6,61.9,947.9,15.75,19550.0,0.0
61079,202.0,213.0,231.0,3.0,3.6,4.0,21.5,62.1,948.0,15.75,19550.0,0.0
61139,191.0,201.0,213.0,4.7,5.7,6.4,21.3,62.3,947.9,15.75,19550.0,0.0
61199,219.0,238.0,246.0,4.4,5.0,5.7,21.3,62.4,947.9,15.75,19550.0,0.0
61260,233.0,244.0,249.0,4.8,6.3,7.3,21.5,62.1,947.8,15.75,19550.0,0.0
61319,202.0,262.0,291.0,0.8,3.1,4.8,21.5,62.3,947.9,15.75,19550.0,0.0
61381,217.0,226.0,237.0,3.0,3.8,4.5,21.5,62.1,948.0,15.75,19550.0,0.0
61439,210.0,221.0,233.0,5.2,6.1,7.1,21.4,62.1,947.9,15.75,19550.0,0.0
61499,227.0,232.0,238.0,4.2,4.8,5.7,21.5,61.9,947.9,15.75,19550.0,0.0
61559,207.0,219.0,226.0,4.4,5.8,6.7,21.4,62.2,947.9,15.75,19550.0,0.0
61619,247.0,253.0,259.0,2.9,3.8,4.3,21.4,62.2,948.0,15.75,19550.0,0.0
61679,223.0,234.0,246.0,4.9,5.4,5.9,21.4,62.5,947.9,15.75,19550.0,0.0
61740,252.0,270.0,341.0,0.7,2.6,3.3,21.4,62.3,948.0,15.75,19550.0,0.0
61799,207.0,226.0,254.0,4.3,5.1,6.0,21.3,62.5,947.9,15.75,19550.0,0.0
61859,211.0,221.0,231.0,4.3,5.0,5.5,21.4,62.2,947.9,15.75,19550.0,0.0
61919,197.0,213.0,230.0,3.6,4.7,5.8,21.3,62.6,947.9,15.75,19550.0,0.0
61980,203.0,230.0,245.0,4.5,5.6,6.7,21.2,62.9,947.9,15.75,19550.0,0.0
62039,214.0,235.0,253.0,2.2,3.9,4.8,21.3,63.0,947.8,15.75,19550.0,0.0
62099,236.0,237.0,239.0,5.1,5.3,5.6,21.5,62.4,947.8,15.75,19550.0,0.0
62159,250.0,255.0,259.0,4.6,5.1,6.2,21.4,62.8,947.8,15.75,19550.0,0.0
62219,239.0,248.0,264.0,2.6,3.1,3.7,21.2,63.0,947.9,15.75,19550.0,0.0
62279,192.0,204.0,220.0,1.4,2.9,3.9,21.1,63.6,947.9,15.75,19550.0,0.0
62339,221.0,236.0,258.0,2.9,3.9,4.7,21.2,63.2,947.9,15.75,19550.0,0.0
62399,265.0,277.0,290.0,1.5,3.4,4.1,21.3,62.6,947.9,15.75,19550.0,0.0
62459,192.0,210.0,224.0,2.9,3.4,4.0,21.3,62.8,947.9,15.75,19550.0,0.0
62519,224.0,237.0,253.0,2.9,4.1,5.2,21.3,62.9,947.8,15.75,19550.0,0.0
62579,246.0,262.0,285.0,1.6,4.1,5.6,21.4,62.6,947.8,15.75,19550.0,0.0
62639,32.0,311.0,285.0,0.6,2.1,3.2,21.3,63.0,947.9,15.75,19550.0,0.0
62700,195.0,209.0,217.0,2.8,3.7,4.6,21.3,62.7,947.9,15.75,19550.0,0.0
62759,213.0,221.0,229.0,3.9,4.6,5.1,21.2,62.6,947.8,15.75,19550.0,0.0
62819,222.0,230.0,235.0,1.9,2.6,2.9,21.1,63.1,947.9,15.75,19550.0,0.0
62879,200.0,221.0,254.0,2.0,2.4,3.1,20.9,63.8,947.9,15.75,19550.0,0.0
62939,187.0,202.0,232.0,2.2,3.0,4.1,20.9,63.8,947.9,15.75,19550.0,0.0
63000,219.0,236.0,252.0,2.9,3.3,3.6,21.0,63.5,947.9,15.75,19550.0,0.0
63059,209.0,217.0,224.0,5.3,5.7,6.6,21.1,63.0,947.8,15.75,19550.0,0.0
63119,210.0,216.0,227.0,4.2,4.6,5.2,21.0,63.6,947.8,15.75,19550.0,0.0
63179,224.0,228.0,236.0,4.7,5.1,5.6,20.9,63.9,947.8,15.75,19550.0,0.0
63239,209.0,220.0,232.0,3.5,4.2,4.8,20.7,64.4,947.8,15.75,19550.0,0.0
63299,217.0,225.0,235.0,2.9,4.0,4.6,20.6,64.8,947.9,15.75,19550.0,0.0
63359,210.0,218.0,234.0,3.5,4.2,5.0,20.5,65.1,947.8,15.75,19550.0,0.0
63419,195.0,220.0,252.0,1.8,2.4,3.0,20.6,65.1,947.9,15.75,19550.0,0.0
63479,178.0,199.0,217.0,1.1,3.3,4.2,20.6,65.0,947.9,15.75,19550.0,0.0
63540,216.0,237.0,250.0,3.7,4.7,5.5,20.7,64.6,947.8,15.75,19550.0,0.0
63599,215.0,230.0,241.0,3.0,3.8,4.4,20.8,64.3,947.9,15.75,19550.0,0.0
63659,222.0,231.0,239.0,2.8,3.1,3.5,20.8,64.5,947.9,15.75,19550.0,0.0
63719,230.0,235.0,243.0,3.5,3.9,4.3,20.6,65.0,947.9,15.75,19550.0,0.0
63779,214.0,233.0,244.0,3.8,4.3,5.0,20.5,65.6,947.8,15.75,19550.0,0.0
63839,190.0,204.0,211.0,3.8,4.9,5.4,20.4,65.8,947.8,15.75,19550.0,0.0
63899,212.0,224.0,240.0,3.4,4.2,5.8,20.4,65.8,947.8,15.75,19550.0,0.0
63959,217.0,231.0,240.0,2.8,3.5,4.2,20.5,65.6,947.9,15.75,19550.0,0.0
64019,143.0,226.0,246.0,0.5,1.3,2.0,20.5,65.5,947.9,15.75,19550.0,0.0
64079,207.0,220.0,238.0,3.4,3.8,4.3,20.5,65.7,947.8,15.75,19550.0,0.0
64139,204.0,234.0,259.0,3.0,3.7,4.4,20.4,66.1,947.8,15.75,19550.0,0.0
64200,213.0,223.0,232.0,2.1,2.5,2.9,20.4,65.8,947.8,15.75,19550.0,0.0
64259,209.0,214.0,220.0,4.5,5.0,5.5,20.4,65.7,947.8,15.75,19550.0,0.0
64319,214.0,227.0,238.0,2.7,3.4,4.2,20.4,65.8,947.8,15.75,19550.0,0.0
64379,226.0,240.0,249.0,2.8,3.5,4.3,20.5,65.7,947.8,15.75,19550.0,0.0
64439,226.0,233.0,243.0,2.9,3.4,3.9,20.5,65.4,947.8,15.75,19550.0,0.0
64499,210.0,220.0,235.0,2.2,2.6,3.6,20.5,65.6,947.8,15.75,19550.0,0.0
64559,218.0,235.0,256.0,2.8,3.5,4.5,20.4,65.8,947.8,15.75,19550.0,0.0
64619,228.0,241.0,256.0,1.5,2.9,3.9,20.5,65.7,947.8,15.75,19550.0,0.0
64679,210.0,214.0,221.0,3.6,4.2,4.9,20.6,65.3,947.8,15.75,19550.0,0.0
64739,210.0,223.0,242.0,2.5,3.2,4.3,20.6,65.3,947.8,15.75,19550.0,0.0
64799,201.0,216.0,230.0,3.7,4.1,4.9,20.5,65.6,947.8,15.75,19550.0,0.0
64859,211.0,225.0,244.0,3.3,4.2,5.1,20.3,66.1,947.8,15.75,19550.0,0.0
64919,196.0,209.0,215.0,3.2,4.0,4.7,20.2,66.3,947.8,15.75,19550.0,0.0
64979,206.0,222.0,236.0,2.4,3.0,3.7,20.1,66.6,947.8,15.75,19550.0,0.0
65039,205.0,215.0,223.0,3.3,3.8,4.2,20.1,66.6,947.8,15.75,19550.0,0.0
65099,179.0,205.0,225.0,2.1,3.1,3.8,20.1,66.8,947.8,15.75,19550.0,0.0
65159,206.0,219.0,230.0,2.7,3.2,3.7,20.1,66.7,947.8,15.75,19550.0,0.0
65219,197.0,204.0,216.0,2.6,3.8,4.9,20.2,66.4,947.8,15.75,19550.0,0.0
65279,133.0,225.0,253.0,0.8,2.6,4.0,20.2,66.7,947.7,15.75,19550.0,0.0
65339,232.0,242.0,259.0,3.7,4.8,5.8,20.2,66.4,947.7,15.75,19550.0,0.0
65399,235.0,246.0,256.0,3.2,3.9,4.3,20.3,66.2,947.8,15.75,19550.0,0.0
65459,213.0,223.0,233.0,3.5,3.8,4.0,20.4,65.9,947.8,15.75,19550.0,0.0
65519,192.0,211.0,221.0,3.3,3.6,4.0,20.3,65.9,947.8,15.75,19550.0,0.0
65579,206.0,216.0,221.0,2.9,3.5,3.9,20.3,66.3,947.7,15.75,19550.0,0.0
65639,224.0,231.0,239.0,3.8,4.3,4.9,20.2,66.6,947.7,15.75,19550.0,0.0
65699,215.0,220.0,224.0,3.8,4.4,5.2,20.0,67.0,947.7,15.75,19550.0,0.0
65759,222.0,235.0,250.0,3.2,3.6,4.0,19.9,67.6,947.7,15.75,19550.0,0.0
65819,207.0,232.0,246.0,3.9,4.6,5.5,19.8,67.9,947.7,15.75,19550.0,0.0
65879,213.0,231.0,243.0,2.8,3.3,3.8,19.8,68.1,947.8,15.75,19550.0,0.0
65939,183.0,208.0,222.0,2.9,3.8,4.8,19.8,68.1,947.8,15.75,19550.0,0.0
65999,200.0,210.0,217.0,3.0,3.6,4.9,19.8,68.2,947.7,15.75,19550.0,0.0
66059,211.0,221.0,232.0,2.6,3.7,4.5,19.7,68.2,947.7,15.75,19550.0,0.0
66119,218.0,227.0,242.0,3.1,3.4,4.0,19.7,68.4,947.7,15.75,19550.0,0.0
66179,190.0,210.0,228.0,1.8,2.3,2.8,19.7,68.6,947.8,15.75,19550.0,0.0
66239,203.0,215.0,227.0,3.7,4.2,5.0,19.7,68.7,947.7,15.75,19550.0,0.0
66299,207.0,221.0,226.0,3.0,4.6,5.5,19.7,68.8,947.7,15.75,19550.0,0.0
66359,210.0,218.0,225.0,4.0,4.6,5.2,19.6,69.0,947.7,15.75,19550.0,0.0
66419,214.0,225.0,233.0,3.5,4.2,4.5,19.5,69.3,947.7,15.75,19550.0,0.0
66480,222.0,242.0,253.0,3.1,4.0,4.7,19.5,69.7,947.7,15.75,19550.0,0.0
66539,189.0,206.0,225.0,3.2,4.2,5.3,19.4,70.0,947.7,15.75,19550.0,0.0
66599,212.0,219.0,225.0,1.0,2.8,3.8,19.4,70.2,947.8,15.75,19550.0,0.0
66659,201.0,217.0,225.0,3.1,3.5,3.8,19.3,70.3,947.7,15.75,19550.0,0.0
66719,200.0,220.0,234.0,2.5,2.9,3.5,19.3,70.6,947.7,15.75,19550.0,0.0
66779,202.0,213.0,221.0,4.0,4.4,5.1,19.3,70.4,947.7,15.75,19550.0,0.0
66839,182.0,202.0,215.0,3.1,3.9,4.5,19.3,70.5,947.7,15.75,19550.0,0.0
66899,204.0,213.0,219.0,4.3,4.6,4.9,19.2,71.0,947.7,15.75,19550.0,0.0
66959,199.0,204.0,213.0,3.8,4.4,5.4,19.1,71.2,947.7,15.75,19550.0,0.0
67019,210.0,222.0,231.0,3.1,3.7,4.2,19.0,71.8,947.7,15.75,19550.0,0.0
67079,196.0,222.0,238.0,3.5,4.1,4.8,19.0,71.7,947.7,15.75,19550.0,0.0
67139,210.0,215.0,222.0,4.2,4.5,5.1,19.0,71.7,947.7,15.75,19550.0,0.0
67199,202.0,210.0,221.0,2.6,3.3,4.1,18.9,72.1,947.7,15.75,19550.0,0.0
67259,202.0,210.0,219.0,3.7,4.4,5.3,18.8,72.3,947.7,15.75,19550.0,0.0
67319,205.0,211.0,217.0,3.9,4.3,4.7,18.8,72.8,947.7,15.75,19550.0,0.0
67379,210.0,218.0,231.0,3.1,3.9,4.8,18.7,72.8,947.7,15.75,19550.0,0.0
67439,197.0,222.0,251.0,0.6,3.2,4.4,18.7,73.1,947.7,15.75,19550.0,0.0
67499,207.0,221.0,232.0,3.2,3.9,4.4,18.7,73.0,947.7,15.75,19550.0,0.0
67559,211.0,217.0,230.0,3.3,4.1,5.0,18.7,73.1,947.7,15.75,19550.0,0.0
67619,199.0,207.0,219.0,3.4,4.1,4.4,18.6,73.2,947.7,15.75,19550.0,0.0
67679,214.0,228.0,241.0,3.0,3.7,4.8,18.6,73.6,947.7,15.75,19550.0,0.0
67739,203.0,210.0,216.0,4.1,4.7,5.3,18.5,73.7,947.7,15.75,19550.0,0.0
67799,207.0,215.0,222.0,3.6,4.2,4.7,18.5,73.7,947.7,15.75,19550.0,0.0
67859,226.0,231.0,234.0,2.8,3.3,3.6,18.5,74.1,947.7,15.75,19550.0,0.0
67919,207.0,213.0,220.0,3.3,4.0,4.5,18.4,74.0,947.7,15.75,19550.0,0.0
67979,201.0,208.0,220.0,3.0,3.7,4.1,18.4,74.6,947.7,15.75,19550.0,0.0
68039,211.0,222.0,227.0,3.9,4.2,4.5,18.3,74.8,947.7,15.75,19550.0,0.0
68099,205.0,214.0,224.0,3.7,4.2,4.6,18.3,74.9,947.7,15.75,19550.0,0.0
68159,225.0,231.0,236.0,3.8,4.1,4.4,18.3,74.7,947.7,15.75,19550.0,0.0
68219,209.0,220.0,225.0,4.3,4.6,5.0,18.3,75.1,947.7,15.75,19550.0,0.0
68279,206.0,211.0,216.0,2.9,3.3,3.7,18.2,75.3,947.7,15.75,19550.0,0.0
68339,212.0,216.0,222.0,3.2,3.8,4.2,18.2,75.4,947.7,15.75,19550.0,0.0
68399,200.0,212.0,220.0,2.8,3.4,3.9,18.1,75.8,947.7,15.75,19550.0,0.0
68459,189.0,206.0,222.0,2.1,2.6,2.9,18.1,75.5,947.7,15.75,19550.0,0.0
68519,203.0,213.0,223.0,2.4,2.8,3.1,18.1,75.6,947.8,15.75,19550.0,0.0
68579,206.0,210.0,214.0,2.7,3.0,3.3,18.1,75.7,947.7,15.75,19550.0,0.0
68639,207.0,216.0,229.0,3.1,3.3,3.7,18.1,76.0,947.8,15.75,19550.0,0.0
68699,198.0,209.0,217.0,2.2,2.5,2.7,18.1,76.3,947.8,15.75,19550.0,0.0
68759,200.0,209.0,214.0,2.1,2.3,2.6,18.0,76.3,947.8,15.75,19550.0,0.0
68819,212.0,223.0,229.0,2.3,2.5,2.6,18.0,76.6,947.7,15.75,19550.0,0.0
68879,212.0,221.0,233.0,2.9,3.5,4.3,17.9,76.7,947.7,15.75,19550.0,0.0
68939,211.0,220.0,226.0,3.0,3.4,3.8,17.9,76.7,947.7,15.75,19550.0,0.0
68999,217.0,221.0,223.0,3.1,3.4,3.5,17.9,77.1,947.7,15.75,19550.0,0.0
69059,214.0,223.0,231.0,2.2,2.6,2.9,17.8,77.2,947.7,15.75,19550.0,0.0
69119,215.0,221.0,228.0,2.5,2.7,2.8,17.8,77.3,947.7,15.75,19550.0,0.0
69180,209.0,213.0,216.0,2.5,3.0,3.2,17.8,77.0,947.7,15.75,19550.0,0.0
69239,193.0,202.0,218.0,2.2,2.8,3.2,17.8,77.4,947.8,15.75,19550.0,0.0
69299,201.0,209.0,221.0,2.9,3.1,3.4,17.8,77.4,947.8,15.75,19550.0,0.0
69359,199.0,213.0,219.0,2.9,3.5,4.2,17.7,77.3,947.7,15.75,19550.0,0.0
69419,213.0,220.0,232.0,2.7,3.0,3.3,17.7,77.7,947.8,15.75,19550.0,0.0
69479,210.0,220.0,235.0,1.8,2.4,2.8,17.7,77.5,947.8,15.75,19550.0,0.0
69539,204.0,211.0,219.0,2.7,3.6,3.8,17.6,77.6,947.8,15.75,19550.0,0.0
69599,191.0,203.0,211.0,2.7,3.4,4.2,17.6,78.0,947.8,15.75,19550.0,0.0
69659,203.0,207.0,211.0,3.1,3.4,3.7,17.6,78.0,947.8,15.75,19550.0,0.0
69719,201.0,213.0,218.0,3.4,3.7,3.9,17.5,78.1,947.8,15.75,19550.0,0.0
69779,219.0,227.0,231.0,2.7,3.2,3.5,17.5,78.2,947.8,15.75,19550.0,0.0
69839,195.0,209.0,226.0,2.1,2.8,3.4,17.4,78.2,947.8,15.75,19550.0,0.0
69899,223.0,230.0,237.0,2.3,2.7,2.9,17.4,78.3,947.7,15.75,19550.0,0.0
69959,204.0,210.0,220.0,2.2,2.5,2.8,17.4,78.2,947.8,15.75,19550.0,0.0
70019,214.0,219.0,224.0,3.1,3.2,3.6,17.4,78.2,947.7,15.75,19550.0,0.0
70079,216.0,222.0,230.0,2.5,2.8,3.2,17.4,78.5,947.7,15.75,19550.0,0.0
70139,205.0,213.0,222.0,2.4,2.7,3.0,17.4,78.4,947.7,15.75,19550.0,0.0
70199,202.0,211.0,218.0,2.6,2.9,3.4,17.3,78.5,947.7,15.75,19550.0,0.0
70259,208.0,217.0,233.0,2.6,3.2,3.6,17.3,78.6,947.7,15.75,19550.0,0.0
70319,202.0,209.0,212.0,3.0,3.1,3.5,17.3,78.6,947.7,15.75,19550.0,0.0
70379,188.0,201.0,213.0,1.6,2.3,2.8,17.3,79.0,947.7,15.75,19550.0,0.0
70439,209.0,214.0,221.0,2.2,2.4,2.6,17.2,79.1,947.7,15.75,19550.0,0.0
70499,206.0,216.0,220.0,2.7,3.0,3.2,17.2,78.9,947.7,15.75,19550.0,0.0
70559,206.0,217.0,226.0,2.0,2.2,2.4,17.2,79.1,947.7,15.75,19550.0,0.0
70619,183.0,197.0,205.0,2.3,2.6,3.0,17.2,79.0,947.7,15.75,19550.0,0.0
70679,206.0,210.0,215.0,2.2,2.3,2.6,17.2,79.1,947.7,15.75,19550.0,0.0
70739,203.0,211.0,219.0,2.0,2.5,2.8,17.1,78.7,947.7,15.75,19550.0,0.0
70799,201.0,209.0,216.0,2.1,2.4,2.9,17.1,79.1,947.7,15.75,19550.0,0.0
70859,206.0,213.0,221.0,2.3,2.6,2.8,17.1,79.3,947.7,15.75,19550.0,0.0
70919,211.0,214.0,219.0,2.6,2.8,3.0,17.1,79.5,947.7,15.75,19550.0,0.0
70979,202.0,209.0,217.0,2.1,2.5,2.9,17.1,79.6,947.7,15.75,19550.0,0.0
71039,203.0,209.0,215.0,2.3,2.5,2.6,17.0,79.6,947.7,15.75,19550.0,0.0
71099,189.0,204.0,220.0,2.0,2.2,2.4,17.0,79.5,947.7,15.75,19550.0,0.0
71159,197.0,206.0,215.0,1.8,2.0,2.2,17.0,79.5,947.8,15.75,19550.0,0.0
71219,207.0,221.0,232.0,1.9,2.1,2.4,17.0,79.9,947.7,15.75,19550.0,0.0
71279,168.0,188.0,210.0,1.3,1.6,1.8,17.0,79.6,947.8,15.75,19550.0,0.0
71339,202.0,207.0,215.0,1.8,2.0,2.1,17.0,79.8,947.8,15.75,19550.0,0.0
71399,166.0,192.0,205.0,1.6,2.0,2.6,17.0,79.8,947.8,15.75,19550.0,0.0
71459,204.0,212.0,225.0,2.0,2.2,2.4,17.0,80.1,947.8,15.75,19550.0,0.0
71519,198.0,206.0,211.0,2.6,2.9,3.2,17.0,80.2,947.8,15.75,19550.0,0.0
71579,214.0,224.0,231.0,2.5,2.7,3.0,16.9,80.5,947.8,15.75,19550.0,0.0
71639,215.0,225.0,234.0,2.1,2.4,2.6,16.9,80.6,947.8,15.75,19550.0,0.0
71699,202.0,209.0,215.0,2.0,2.3,2.5,16.9,80.4,947.8,15.75,19550.0,0.0
71759,200.0,211.0,218.0,1.6,1.8,2.2,16.9,80.8,947.8,15.75,19550.0,0.0
71819,182.0,198.0,210.0,1.4,1.9,2.2,16.9,80.2,947.8,15.75,19550.0,0.0
71879,196.0,207.0,213.0,2.0,2.1,2.4,16.9,80.5,947.8,15.75,19550.0,0.0
71939,190.0,195.0,200.0,1.7,2.3,2.7,16.9,80.7,947.8,15.75,19550.0,0.0
71999,193.0,211.0,216.0,1.9,2.1,2.3,16.9,80.8,947.8,15.75,19550.0,0.0
72059,185.0,194.0,217.0,1.7,2.0,2.2,16.9,81.1,947.8,15.75,19550.0,0.0
72119,188.0,196.0,204.0,2.3,2.5,2.7,16.9,81.5,947.8,15.75,19550.0,0.0
72179,187.0,200.0,207.0,2.3,2.5,2.6,16.8,81.8,947.8,15.75,19550.0,0.0
72239,199.0,214.0,230.0,2.1,2.3,2.6,16.8,82.0,947.8,15.75,19550.0,0.0
72299,186.0,195.0,204.0,2.0,2.3,2.5,16.8,82.4,947.8,15.75,19550.0,0.0
72359,192.0,203.0,213.0,2.4,2.6,2.9,16.8,82.7,947.8,15.75,19550.0,0.0
72419,189.0,200.0,211.0,1.6,1.9,2.3,16.8,82.8,947.8,15.75,19550.0,0.0
72479,197.0,208.0,217.0,1.6,2.1,2.9,16.8,82.8,947.8,15.75,19550.0,0.0
72539,206.0,212.0,224.0,2.0,2.2,2.5,16.8,83.4,947.8,15.75,19550.0,0.0
72599,194.0,201.0,208.0,2.4,2.6,2.8,16.7,83.6,947.8,15.75,19550.0,0.0
72659,203.0,213.0,221.0,2.5,2.7,3.1,16.7,83.6,947.8,15.75,19550.0,0.0
72719,193.0,199.0,204.0,2.4,2.7,3.0,16.7,83.7,947.9,15.75,19550.0,0.0
72779,198.0,207.0,213.0,2.3,2.6,2.8,16.7,83.9,947.9,15.75,19550.0,0.0
72839,200.0,208.0,221.0,2.2,2.4,2.6,16.7,84.2,947.9,15.75,19550.0,0.0
72899,195.0,206.0,214.0,2.5,2.7,2.9,16.7,84.3,947.9,15.75,19550.0,0.0
72959,188.0,199.0,207.0,1.9,2.7,3.3,16.6,84.4,947.9,15.75,19550.0,0.0
73019,187.0,195.0,202.0,2.5,2.7,3.0,16.6,84.5,947.9,15.75,19550.0,0.0
73079,183.0,188.0,197.0,1.7,2.0,2.2,16.6,84.5,947.9,15.75,19550.0,0.0
73139,192.0,201.0,209.0,2.5,2.7,3.1,16.6,84.6,947.9,15.75,19550.0,0.0
73199,186.0,191.0,197.0,2.4,2.6,2.9,16.6,84.7,947.9,15.75,19550.0,0.0
73259,182.0,193.0,207.0,2.2,2.6,2.9,16.6,84.9,947.9,15.75,19550.0,0.0
73319,215.0,220.0,233.0,2.8,3.1,3.4,16.6,85.0,947.9,15.75,19550.0,0.0
73379,196.0,206.0,214.0,2.3,2.5,3.0,16.6,85.0,947.9,15.75,19550.0,0.0
73439,199.0,206.0,212.0,2.7,2.9,3.1,16.6,85.0,947.9,15.75,19550.0,0.0
73499,209.0,215.0,220.0,2.4,2.5,2.9,16.6,85.2,947.9,15.75,19550.0,0.0
73559,210.0,230.0,245.0,1.8,2.0,2.4,16.5,85.3,947.9,15.75,19550.0,0.0
73619,212.0,216.0,222.0,2.5,2.6,2.8,16.5,85.2,948.0,15.75,19550.0,0.0
73679,214.0,216.0,219.0,2.7,2.7,2.8,16.5,85.3,948.0,15.75,19550.0,0.0
73739,219.0,224.0,227.0,2.5,2.6,2.8,16.5,85.5,948.0,15.75,19550.0,0.0
73799,234.0,237.0,242.0,2.3,2.5,2.8,16.5,85.6,948.0,15.75,19550.0,0.0
73859,198.0,203.0,207.0,2.5,3.0,3.3,16.5,85.8,948.0,15.75,19550.0,0.0
73919,204.0,215.0,223.0,1.5,1.8,2.1,16.5,85.9,948.0,15.75,19550.0,0.0
73979,202.0,213.0,228.0,1.6,1.9,2.2,16.4,86.0,948.0,15.75,19550.0,0.0
74039,204.0,212.0,219.0,1.7,1.9,2.2,16.5,85.9,948.0,15.75,19550.0,0.0
74099,222.0,227.0,233.0,2.0,2.1,2.2,16.5,86.0,948.0,15.75,19550.0,0.0
74159,224.0,240.0,249.0,1.7,1.9,2.1,16.5,86.0,948.0,15.75,19550.0,0.0
74219,212.0,221.0,230.0,2.1,2.3,2.5,16.5,86.0,948.0,15.75,19550.0,0.0
74279,205.0,224.0,238.0,0.8,1.4,1.7,16.5,86.1,948.1,15.75,19550.0,0.0
74339,205.0,215.0,224.0,2.0,2.3,2.5,16.5,86.1,948.1,15.75,19550.0,0.0
74399,217.0,221.0,231.0,1.7,1.9,2.0,16.5,86.2,948.0,15.75,19550.0,0.0
74459,208.0,217.0,225.0,2.1,2.4,2.6,16.5,86.3,948.0,15.75,19550.0,0.0
74519,204.0,218.0,234.0,1.0,1.3,2.0,16.5,86.3,948.1,15.75,19550.0,0.0
74579,183.0,200.0,209.0,1.7,1.9,2.2,16.5,86.3,948.1,15.75,19550.0,0.0
74639,185.0,195.0,209.0,1.2,1.5,1.8,16.5,86.4,948.1,15.75,19550.0,0.0
74699,167.0,192.0,212.0,1.5,2.0,2.4,16.4,86.4,948.1,15.75,19550.0,0.0
74759,211.0,213.0,215.0,2.0,2.3,2.5,16.4,86.5,948.0,15.75,19550.0,0.0
74819,224.0,233.0,242.0,1.6,1.8,2.0,16.4,86.5,948.0,15.75,19550.0,0.0
74879,220.0,223.0,227.0,2.1,2.2,2.4,16.4,86.6,948.0,15.75,19550.0,0.0
74939,216.0,221.0,225.0,1.7,1.9,2.0,16.4,86.7,948.0,15.75,19550.0,0.0
74999,211.0,231.0,251.0,1.6,1.8,2.0,16.4,86.7,948.0,15.75,19550.0,0.0
75059,207.0,211.0,217.0,2.3,2.9,3.1,16.4,86.7,948.0,15.75,19550.0,0.0
75119,211.0,212.0,214.0,2.2,2.3,2.4,16.4,86.8,948.1,15.75,19550.0,0.0
75179,218.0,231.0,240.0,1.5,1.7,2.0,16.4,86.9,948.1,15.75,19550.0,0.0
75239,225.0,236.0,251.0,1.6,1.9,2.4,16.4,86.9,948.1,15.75,19550.0,0.0
75299,232.0,237.0,243.0,2.2,2.5,2.6,16.4,87.0,948.0,15.75,19550.0,0.0
75359,235.0,238.0,243.0,1.5,1.7,1.9,16.4,87.0,948.0,15.75,19550.0,0.0
75419,227.0,242.0,258.0,0.4,1.0,1.2,16.4,87.0,948.0,15.75,19550.0,0.0
75479,228.0,238.0,246.0,1.6,1.8,2.1,16.4,87.0,948.0,15.75,19550.0,0.0
75539,216.0,221.0,228.0,1.9,2.1,2.3,16.4,86.9,948.0,15.75,19550.0,0.0
75599,211.0,217.0,224.0,1.4,1.7,1.8,16.4,86.9,948.0,15.75,19550.0,0.0
75659,210.0,230.0,250.0,0.9,1.1,1.3,16.4,86.8,948.0,15.75,19550.0,0.0
75719,221.0,232.0,241.0,1.6,1.7,1.9,16.4,86.8,948.0,15.75,19550.0,0.0
75779,215.0,231.0,252.0,0.5,1.0,1.2,16.4,86.8,948.0,15.75,19550.0,0.0
75839,124.0,221.0,250.0,0.2,1.2,1.6,16.4,86.8,948.0,15.75,19550.0,0.0
75899,215.0,230.0,239.0,0.9,1.1,1.3,16.4,86.7,948.1,15.75,19550.0,0.0
75959,235.0,246.0,259.0,1.4,1.7,1.9,16.4,86.6,948.1,15.75,19550.0,0.0
76019,226.0,246.0,265.0,1.4,1.7,2.2,16.4,86.6,948.1,15.75,19550.0,0.0
76079,251.0,259.0,266.0,1.0,2.3,2.8,16.4,86.6,948.1,15.75,19550.0,0.0
76139,240.0,247.0,255.0,1.6,1.9,2.3,16.4,86.6,948.1,15.75,19550.0,0.0
76199,248.0,255.0,262.0,1.8,1.9,2.2,16.5,86.7,948.1,15.75,19550.0,0.0
76259,236.0,244.0,254.0,1.4,1.8,2.1,16.4,86.8,948.1,15.75,19550.0,0.0
76319,229.0,238.0,247.0,1.9,2.2,2.3,16.4,86.8,948.1,15.75,19550.0,0.0
76379,242.0,248.0,253.0,1.5,1.8,2.0,16.4,86.9,948.1,15.75,19550.0,0.0
76439,224.0,236.0,243.0,1.5,1.6,1.8,16.4,87.0,948.1,15.75,19550.0,0.0
76499,219.0,237.0,250.0,1.0,1.3,1.6,16.4,87.0,948.1,15.75,19550.0,0.0
76559,202.0,212.0,228.0,1.2,1.4,1.7,16.4,87.0,948.1,15.75,19550.0,0.0
76619,214.0,227.0,234.0,0.9,1.2,1.3,16.4,86.9,948.1,15.75,19550.0,0.0
76679,214.0,227.0,239.0,1.3,1.5,1.8,16.4,86.9,948.2,15.75,19550.0,0.0
76739,233.0,246.0,257.0,1.1,1.5,1.9,16.5,86.8,948.2,15.75,19550.0,0.0
76799,206.0,250.0,280.0,0.4,1.8,2.7,16.5,86.9,948.2,15.75,19550.0,0.0
76859,225.0,250.0,274.0,1.1,1.3,1.6,16.5,86.9,948.2,15.75,19550.0,0.0
76919,254.0,263.0,270.0,0.6,1.1,1.5,16.5,86.9,948.2,15.75,19550.0,0.0
76979,242.0,249.0,257.0,1.4,1.5,1.6,16.5,87.0,948.2,15.75,19550.0,0.0
77039,212.0,236.0,254.0,1.0,1.4,1.9,16.5,87.1,948.2,15.75,19550.0,0.0
77099,250.0,256.0,261.0,1.5,1.7,1.9,16.5,87.1,948.2,15.75,19550.0,0.0
77159,242.0,248.0,255.0,1.3,1.4,1.5,16.5,87.2,948.2,15.75,19550.0,0.0
77219,237.0,243.0,251.0,1.6,1.8,2.0,16.5,87.3,948.2,15.75,19550.0,0.0
77279,218.0,230.0,240.0,1.1,1.6,1.9,16.5,87.3,948.2,15.75,19550.0,0.0
77339,232.0,239.0,245.0,1.5,1.6,1.7,16.4,87.3,948.2,15.75,19550.0,0.0
77399,219.0,229.0,245.0,1.5,1.8,2.0,16.4,87.4,948.2,15.75,19550.0,0.0
77459,206.0,222.0,239.0,0.7,1.1,1.4,16.4,87.4,948.2,15.75,19550.0,0.0
77519,199.0,230.0,259.0,1.1,1.5,1.8,16.4,87.4,948.2,15.75,19550.0,0.0
77579,225.0,234.0,252.0,1.4,1.6,1.8,16.5,87.4,948.2,15.75,19550.0,0.0
77639,236.0,252.0,262.0,1.2,1.6,1.8,16.5,87.4,948.3,15.75,19550.0,0.0
77699,214.0,226.0,239.0,0.7,1.0,1.4,16.5,87.4,948.3,15.75,19550.0,0.0
77759,226.0,241.0,253.0,1.1,1.6,1.9,16.5,87.3,948.3,15.75,19550.0,0.0
77819,220.0,226.0,235.0,1.4,1.6,1.6,16.5,87.3,948.3,15.75,19550.0,0.0
77879,221.0,232.0,241.0,1.2,1.3,1.5,16.5,87.3,948.3,15.75,19550.0,0.0
77939,214.0,232.0,242.0,1.0,1.3,1.6,16.5,87.3,948.3,15.75,19550.0,0.0
77999,225.0,236.0,247.0,1.4,1.6,1.8,16.5,87.3,948.3,15.75,19550.0,0.0
78059,242.0,254.0,260.0,1.3,1.4,1.6,16.4,87.4,948.3,15.75,19550.0,0.0
78119,248.0,268.0,298.0,0.2,1.3,2.1,16.4,87.4,948.3,15.75,19550.0,0.0
78179,252.0,267.0,283.0,0.4,1.7,2.2,16.4,87.4,948.3,15.75,19550.0,0.0
78239,252.0,259.0,266.0,2.1,2.5,2.9,16.4,87.4,948.3,15.75,19550.0,0.0
78299,254.0,256.0,258.0,1.9,1.9,2.0,16.4,87.4,948.3,15.75,19550.0,0.0
78359,246.0,251.0,260.0,1.5,1.6,1.7,16.4,87.5,948.3,15.75,19550.0,0.0
78419,221.0,235.0,241.0,1.1,1.4,1.5,16.4,87.6,948.3,15.75,19550.0,0.0
78479,245.0,250.0,255.0,1.1,1.3,1.5,16.4,87.6,948.3,15.75,19550.0,0.0
78539,229.0,242.0,253.0,1.1,1.2,1.3,16.4,87.6,948.3,15.75,19550.0,0.0
78599,238.0,252.0,265.0,0.9,1.1,1.4,16.4,87.6,948.3,15.75,19550.0,0.0
78659,227.0,234.0,242.0,1.1,1.2,1.3,16.4,87.6,948.3,15.75,19550.0,0.0
78719,227.0,234.0,251.0,0.9,1.1,1.2,16.4,87.6,948.3,15.75,19550.0,0.0
78779,236.0,244.0,253.0,1.0,1.6,1.8,16.4,87.6,948.3,15.75,19550.0,0.0
78839,222.0,236.0,246.0,0.8,1.1,1.4,16.4,87.6,948.3,15.75,19550.0,0.0
78899,251.0,267.0,274.0,1.3,1.5,1.8,16.4,87.6,948.3,15.75,19550.0,0.0
78959,257.0,262.0,267.0,1.5,1.8,2.0,16.4,87.6,948.2,15.75,19550.0,0.0
79019,253.0,258.0,263.0,0.9,1.5,1.6,16.4,87.6,948.3,15.75,19550.0,0.0
79079,258.0,263.0,268.0,1.6,1.8,1.9,16.4,87.5,948.3,15.75,19550.0,0.0
79139,248.0,253.0,259.0,1.7,1.9,2.1,16.4,87.5,948.3,15.75,19550.0,0.0
79199,241.0,249.0,258.0,1.0,1.4,1.8,16.4,87.6,948.3,15.75,19550.0,0.0
79259,237.0,250.0,266.0,1.0,1.6,2.0,16.4,87.6,948.3,15.75,19550.0,0.0
79319,246.0,251.0,258.0,1.6,1.8,2.3,16.4,87.6,948.3,15.75,19550.0,0.0
79379,248.0,253.0,257.0,1.2,1.2,1.4,16.4,87.6,948.3,15.75,19550.0,0.0
79439,252.0,256.0,259.0,1.6,1.7,1.9,16.4,87.6,948.3,15.75,19550.0,0.0
79499,247.0,254.0,260.0,1.2,1.4,1.6,16.4,87.6,948.3,15.75,19550.0,0.0
79559,220.0,233.0,241.0,1.2,1.4,1.6,16.4,87.6,948.3,15.75,19550.0,0.0
79619,239.0,243.0,250.0,1.6,1.8,1.9,16.4,87.6,948.3,15.75,19550.0,0.0
79679,234.0,247.0,260.0,1.0,1.2,1.5,16.4,87.6,948.3,15.75,19550.0,0.0
79739,255.0,264.0,270.0,0.9,1.4,1.8,16.4,87.6,948.3,15.75,19550.0,0.0
79799,240.0,246.0,255.0,1.2,1.5,1.7,16.4,87.6,948.3,15.75,19550.0,0.0
79859,252.0,259.0,264.0,1.5,1.7,1.8,16.4,87.6,948.3,15.75,19550.0,0.0
79919,252.0,259.0,270.0,1.1,1.3,1.4,16.4,87.6,948.3,15.75,19550.0,0.0
79979,212.0,230.0,248.0,0.8,1.0,1.1,16.4,87.7,948.3,15.75,19550.0,0.0
80039,230.0,235.0,243.0,0.7,0.8,0.9,16.4,87.7,948.3,15.75,19550.0,0.0
80099,224.0,242.0,258.0,0.5,0.8,1.0,16.4,87.7,948.3,15.75,19550.0,0.0
80159,242.0,251.0,256.0,1.1,1.3,1.6,16.4,87.7,948.2,15.75,19550.0,0.0
80219,215.0,228.0,239.0,0.7,0.9,1.0,16.4,87.7,948.3,15.75,19550.0,0.0
80279,89.0,227.0,271.0,0.1,0.4,0.9,16.4,87.7,948.2,15.75,19550.0,0.0
80339,236.0,245.0,258.0,1.0,1.2,1.4,16.4,87.7,948.2,15.75,19550.0,0.0
80399,251.0,261.0,270.0,1.0,1.3,1.6,16.4,87.7,948.3,15.75,19550.0,0.0
80459,249.0,265.0,277.0,0.2,1.1,1.5,16.4,87.7,948.3,15.75,19550.0,0.0
80519,243.0,251.0,255.0,1.2,1.5,1.7,16.4,87.6,948.3,15.75,19550.0,0.0
80579,140.0,236.0,255.0,0.4,0.9,1.2,16.5,87.6,948.3,15.75,19550.0,0.0
80639,239.0,243.0,249.0,0.9,1.0,1.1,16.5,87.6,948.3,15.75,19550.0,0.0
80699,260.0,270.0,276.0,0.8,1.0,1.2,16.5,87.6,948.3,15.75,19550.0,0.0
80759,275.0,279.0,286.0,1.4,1.4,1.5,16.5,87.6,948.3,15.75,19550.0,0.0
80819,273.0,283.0,295.0,0.5,1.3,1.9,16.5,87.7,948.3,15.75,19550.0,0.0
80879,281.0,288.0,299.0,1.2,1.5,1.8,16.5,87.7,948.3,15.75,19550.0,0.0
80939,283.0,289.0,294.0,1.3,1.4,1.6,16.5,87.7,948.3,15.75,19550.0,0.0
80999,265.0,273.0,285.0,1.3,1.9,2.0,16.5,87.8,948.3,15.75,19550.0,0.0
81059,260.0,270.0,282.0,0.8,1.2,1.5,16.5,87.8,948.3,15.75,19550.0,0.0
81119,271.0,280.0,287.0,0.9,1.3,1.5,16.5,87.8,948.3,15.75,19550.0,0.0
81179,228.0,252.0,271.0,0.2,0.7,1.2,16.5,87.9,948.3,15.75,19550.0,0.0
81239,275.0,276.0,278.0,1.8,1.9,2.0,16.5,87.9,948.2,15.75,19550.0,0.0
81299,259.0,262.0,267.0,1.8,2.0,2.3,16.5,87.9,948.2,15.75,19550.0,0.0
81359,259.0,266.0,271.0,1.4,1.5,1.7,16.5,87.9,948.2,15.75,19550.0,0.0
81419,267.0,275.0,288.0,1.0,1.3,1.5,16.4,88.0,948.2,15.75,19550.0,0.0
81479,257.0,274.0,286.0,0.7,1.4,1.8,16.4,88.0,948.3,15.75,19550.0,0.0
81539,267.0,275.0,287.0,0.9,1.6,1.9,16.4,88.0,948.3,15.75,19550.0,0.0
81599,252.0,261.0,265.0,1.7,1.8,1.9,16.4,88.0,948.3,15.75,19550.0,0.0
81659,235.0,251.0,259.0,1.2,1.6,1.9,16.4,88.1,948.3,15.75,19550.0,0.0
81719,234.0,263.0,345.0,0.4,1.3,1.8,16.4,88.1,948.3,15.75,19550.0,0.0
81779,239.0,253.0,270.0,1.2,1.7,2.0,16.4,88.1,948.3,15.75,19550.0,0.0
81839,233.0,245.0,251.0,1.1,1.6,1.8,16.4,88.1,948.3,15.75,19550.0,0.0
81899,230.0,239.0,245.0,1.0,1.2,1.6,16.4,88.1,948.3,15.75,19550.0,0.0
81959,239.0,250.0,266.0,1.2,1.3,1.5,16.4,88.2,948.3,15.75,19550.0,0.0
82019,251.0,257.0,262.0,1.7,1.9,2.1,16.4,88.2,948.3,15.75,19550.0,0.0
82079,254.0,259.0,264.0,1.6,1.7,1.8,16.4,88.2,948.3,15.75,19550.0,0.0
82139,249.0,253.0,257.0,1.9,2.0,2.3,16.4,88.2,948.3,15.75,19550.0,0.0
82199,259.0,264.0,266.0,1.8,1.9,2.1,16.4,88.2,948.3,15.75,19550.0,0.0
82259,253.0,258.0,264.0,1.4,1.6,1.8,16.4,88.2,948.3,15.75,19550.0,0.0
82319,257.0,261.0,267.0,1.7,1.8,2.0,16.4,88.3,948.3,15.75,19550.0,0.0
82379,242.0,245.0,257.0,1.5,1.7,1.8,16.4,88.3,948.3,15.75,19550.0,0.0
82439,234.0,238.0,241.0,1.4,1.5,1.6,16.4,88.3,948.3,15.75,19550.0,0.0
82499,244.0,251.0,256.0,2.2,2.3,2.5,16.4,88.3,948.2,15.75,19550.0,0.0
82559,245.0,248.0,252.0,1.9,2.1,2.2,16.4,88.3,948.2,15.75,19550.0,0.0
82619,244.0,249.0,254.0,1.3,1.5,1.6,16.4,88.4,948.3,15.75,19550.0,0.0
82679,258.0,259.0,263.0,2.1,2.2,2.3,16.4,88.4,948.2,15.75,19550.0,0.0
82739,262.0,264.0,267.0,1.8,2.0,2.1,16.3,88.5,948.2,15.75,19550.0,0.0
82799,258.0,265.0,276.0,1.4,1.8,2.1,16.3,88.5,948.2,15.75,19550.0,0.0
82859,258.0,261.0,263.0,1.9,2.0,2.2,16.3,88.6,948.2,15.75,19550.0,0.0
82919,242.0,248.0,253.0,1.5,1.6,1.7,16.3,88.6,948.2,15.75,19550.0,0.0
82979,262.0,268.0,273.0,1.8,2.0,2.2,16.3,88.7,948.2,15.75,19550.0,0.0
83039,266.0,273.0,286.0,0.7,1.4,1.7,16.3,88.7,948.2,15.75,19550.0,0.0
83099,242.0,255.0,266.0,1.6,1.8,2.0,16.3,88.7,948.3,15.75,19550.0,0.0
83159,242.0,256.0,269.0,1.3,1.6,1.9,16.3,88.7,948.3,15.75,19550.0,0.0
83219,262.0,267.0,270.0,1.3,1.6,1.7,16.3,88.8,948.3,15.75,19550.0,0.0
83279,255.0,266.0,283.0,0.9,1.2,1.5,16.3,88.8,948.3,15.75,19550.0,0.0
83339,265.0,276.0,284.0,0.7,1.7,2.0,16.3,88.8,948.3,15.75,19550.0,0.0
83399,266.0,274.0,278.0,1.3,1.5,1.6,16.3,88.9,948.3,15.75,19550.0,0.0
83459,249.0,258.0,267.0,1.5,1.7,1.8,16.3,88.9,948.3,15.75,19550.0,0.0
83519,270.0,275.0,281.0,1.2,1.3,1.5,16.3,88.9,948.3,15.75,19550.0,0.0
83579,270.0,279.0,286.0,0.5,0.9,1.2,16.3,88.9,948.3,15.75,19550.0,0.0
83639,11.0,261.0,109.0,0.0,0.4,1.0,16.3,88.9,948.3,15.75,19550.0,0.0
83699,253.0,264.0,274.0,0.5,1.0,1.4,16.3,88.9,948.3,15.75,19550.0,0.0
83759,262.0,277.0,300.0,0.9,1.2,1.5,16.3,88.9,948.3,15.75,19550.0,0.0
83819,281.0,288.0,295.0,1.3,1.5,1.7,16.3,88.9,948.3,15.75,19550.0,0.0
83879,268.0,278.0,283.0,1.1,2.0,2.2,16.3,88.8,948.3,15.75,19550.0,0.0
83939,277.0,286.0,294.0,1.1,1.3,1.7,16.3,88.8,948.3,15.75,19550.0,0.0
83999,283.0,291.0,301.0,0.9,1.2,1.4,16.3,88.8,948.3,15.75,19550.0,0.0
84059,285.0,293.0,307.0,1.6,1.8,2.1,16.3,88.8,948.3,15.75,19550.0,0.0
84119,284.0,291.0,298.0,1.3,1.5,1.6,16.3,88.8,948.3,15.75,19550.0,0.0
84179,254.0,263.0,276.0,0.8,1.5,2.0,16.3,88.9,948.3,15.75,19550.0,0.0
84239,255.0,268.0,280.0,0.9,1.4,1.9,16.3,88.8,948.3,15.75,19550.0,0.0
84299,271.0,274.0,278.0,1.7,2.0,2.2,16.3,88.8,948.3,15.75,19550.0,0.0
84359,270.0,279.0,283.0,1.7,1.9,2.1,16.3,88.8,948.3,15.75,19550.0,0.0
84419,274.0,288.0,300.0,0.9,1.6,2.2,16.3,88.8,948.3,15.75,19550.0,0.0
84479,274.0,281.0,288.0,1.3,1.8,2.1,16.3,88.9,948.3,15.75,19550.0,0.0
84539,267.0,275.0,279.0,1.0,2.1,2.4,16.3,88.9,948.3,15.75,19550.0,0.0
84599,273.0,277.0,284.0,1.5,1.6,1.8,16.3,88.8,948.3,15.75,19550.0,0.0
84659,269.0,279.0,302.0,0.5,0.9,1.3,16.3,88.9,948.3,15.75,19550.0,0.0
84719,245.0,256.0,267.0,1.4,1.7,1.9,16.3,88.8,948.3,15.75,19550.0,0.0
84779,261.0,263.0,265.0,2.0,2.2,2.3,16.3,88.8,948.3,15.75,19550.0,0.0
84839,252.0,258.0,263.0,1.7,2.0,2.2,16.3,88.8,948.3,15.75,19550.0,0.0
84899,257.0,264.0,267.0,1.4,1.6,1.7,16.2,88.9,948.3,15.75,19550.0,0.0
84959,252.0,261.0,269.0,1.6,1.8,2.0,16.2,88.9,948.3,15.75,19550.0,0.0
85019,250.0,259.0,268.0,1.3,1.6,1.9,16.2,88.9,948.3,15.75,19550.0,0.0
85079,232.0,247.0,258.0,1.2,1.6,1.9,16.2,88.9,948.3,15.75,19550.0,0.0
85139,251.0,259.0,267.0,1.3,1.4,1.7,16.2,88.9,948.3,15.75,19550.0,0.0
85199,255.0,261.0,265.0,1.7,1.8,1.9,16.2,88.9,948.2,15.75,19550.0,0.0
85259,253.0,258.0,261.0,1.9,2.1,2.2,16.2,88.8,948.2,15.75,19550.0,0.0
85319,263.0,272.0,281.0,1.5,1.8,2.1,16.2,88.9,948.2,15.75,19550.0,0.0
85379,255.0,263.0,270.0,1.6,1.7,2.0,16.2,88.9,948.2,15.75,19550.0,0.0
85439,292.0,297.0,302.0,1.7,1.9,2.0,16.2,88.9,948.2,15.75,19550.0,0.0
85499,305.0,309.0,312.0,1.6,1.7,1.8,16.2,88.9,948.2,15.75,19550.0,0.0
85559,316.0,324.0,332.0,1.3,1.5,1.8,16.2,88.9,948.2,15.75,19550.0,0.0
85619,302.0,311.0,318.0,1.3,1.6,1.8,16.2,88.9,948.2,15.75,19550.0,0.0
85679,286.0,299.0,315.0,0.7,1.3,1.7,16.2,88.9,948.2,15.75,19550.0,0.0
85739,264.0,270.0,273.0,1.7,1.9,2.1,16.2,88.9,948.2,15.75,19550.0,0.0
85799,265.0,269.0,273.0,1.5,1.7,1.8,16.2,88.9,948.2,15.75,19550.0,0.0
85859,281.0,287.0,296.0,1.6,1.9,2.0,16.2,88.8,948.2,15.75,19550.0,0.0
85919,265.0,285.0,320.0,0.6,1.1,1.6,16.2,88.8,948.2,15.75,19550.0,0.0
85979,261.0,265.0,270.0,1.4,1.5,1.7,16.2,88.8,948.2,15.75,19550.0,0.0
86039,245.0,259.0,267.0,1.4,1.6,1.7,16.2,88.8,948.2,15.75,19550.0,0.0
86099,273.0,278.0,289.0,1.3,1.6,1.9,16.2,88.8,948.2,15.75,19550.0,0.0
86159,266.0,273.0,278.0,1.2,1.5,1.8,16.2,88.8,948.2,15.75,19550.0,0.0
86219,234.0,251.0,269.0,0.5,1.0,1.3,16.2,88.8,948.2,15.75,19550.0,0.0
86279,227.0,246.0,271.0,0.2,0.9,1.3,16.2,88.8,948.2,15.75,19550.0,0.0
86339,248.0,252.0,258.0,1.0,1.1,1.3,16.2,88.8,948.2,15.75,19550.0,0.0
