t,Dn,Dm,Dx,Sn,Sm,Sx,Ta,Ua,Pa,Rc,Rd,Ri
0,0.0,0.0,0.0,0.0,99.9,0.0,15.6,12.4,892.7,68.36,15380.0,0.0
60,0.0,0.0,0.0,0.0,99.9,0.0,15.7,12.5,892.7,68.36,15380.0,0.0
120,0.0,0.0,0.0,0.0,99.9,0.0,15.7,12.5,892.7,68.36,15380.0,0.0
180,0.0,0.0,0.0,0.0,99.9,0.0,15.7,12.6,892.7,68.36,15380.0,0.0
240,0.0,0.0,0.0,0.0,99.9,0.0,15.6,13.3,892.7,68.36,15380.0,0.0
300,0.0,0.0,0.0,0.0,99.9,0.0,15.6,13.2,892.7,68.36,15380.0,0.0
360,0.0,0.0,0.0,0.0,99.9,0.0,15.6,13.1,892.7,68.36,15380.0,0.0
420,0.0,0.0,0.0,0.0,99.9,0.0,15.6,12.8,892.7,68.36,15380.0,0.0
480,0.0,0.0,0.0,0.0,99.9,0.0,15.6,13.2,892.7,68.36,15380.0,0.0
540,0.0,0.0,0.0,0.0,99.9,0.0,15.6,13.2,892.6,68.36,15380.0,0.0
600,0.0,0.0,0.0,0.0,99.9,0.0,15.6,12.5,892.6,68.36,15380.0,0.0
660,0.0,0.0,0.0,0.0,99.9,0.0,15.6,13.1,892.6,68.36,15380.0,0.0
720,0.0,0.0,0.0,0.0,99.9,0.0,15.6,13.4,892.6,68.36,15380.0,0.0
780,0.0,0.0,0.0,0.0,99.9,0.0,15.5,12.9,892.6,68.36,15380.0,0.0
840,0.0,0.0,0.0,0.0,99.9,0.0,15.5,12.6,892.6,68.36,15380.0,0.0
900,0.0,0.0,0.0,0.0,99.9,0.0,15.6,12.6,892.6,68.36,15380.0,0.0
960,0.0,0.0,0.0,0.0,99.9,0.0,15.7,12.6,892.6,68.36,15380.0,0.0
1020,0.0,0.0,0.0,0.0,99.9,0.0,15.7,12.5,892.6,68.36,15380.0,0.0
1080,0.0,0.0,0.0,0.0,99.9,0.0,15.7,12.5,892.6,68.36,15380.0,0.0
1140,0.0,0.0,0.0,0.0,99.9,0.0,15.8,12.5,892.6,68.36,15380.0,0.0
1200,0.0,0.0,0.0,0.0,99.9,0.0,15.8,12.4,892.6,68.36,15380.0,0.0
1260,0.0,0.0,0.0,0.0,99.9,0.0,15.9,12.6,892.6,68.36,15380.0,0.0
1320,0.0,0.0,0.0,0.0,99.9,0.0,16.0,12.7,892.6,68.36,15380.0,0.0
1380,0.0,0.0,0.0,0.0,99.9,0.0,16.1,12.4,892.6,68.36,15380.0,0.0
1440,0.0,0.0,0.0,0.0,99.9,0.0,16.2,12.6,892.6,68.36,15380.0,0.0
1500,0.0,0.0,0.0,0.0,99.9,0.0,16.3,12.4,892.6,68.36,15380.0,0.0
1560,0.0,0.0,0.0,0.0,99.9,0.0,16.3,12.4,892.6,68.36,15380.0,0.0
1620,0.0,0.0,0.0,0.0,99.9,0.0,16.3,12.4,892.6,68.36,15380.0,0.0
1680,0.0,0.0,0.0,0.0,99.9,0.0,16.3,12.3,892.6,68.36,15380.0,0.0
1740,0.0,0.0,0.0,0.0,99.9,0.0,16.3,12.0,892.5,68.36,15380.0,0.0
1800,0.0,0.0,0.0,0.0,99.9,0.0,16.2,12.0,892.6,68.36,15380.0,0.0
1860,0.0,0.0,0.0,0.0,99.9,0.0,16.1,12.0,892.5,68.36,15380.0,0.0
1920,0.0,0.0,0.0,0.0,99.9,0.0,16.1,12.2,892.5,68.36,15380.0,0.0
1980,0.0,0.0,0.0,0.0,99.9,0.0,16.1,12.4,892.6,68.36,15380.0,0.0
2040,0.0,0.0,0.0,0.0,99.9,0.0,16.1,12.5,892.6,68.36,15380.0,0.0
2100,0.0,0.0,0.0,0.0,99.9,0.0,16.2,12.7,892.6,68.36,15380.0,0.0
2160,0.0,0.0,0.0,0.0,99.9,0.0,16.3,12.6,892.6,68.36,15380.0,0.0
2220,0.0,0.0,0.0,0.0,99.9,0.0,16.3,12.6,892.6,68.36,15380.0,0.0
2280,0.0,0.0,0.0,0.0,99.9,0.0,16.4,12.6,892.6,68.36,15380.0,0.0
2340,0.0,0.0,0.0,0.0,99.9,0.0,16.5,11.8,892.6,68.36,15380.0,0.0
2400,0.0,0.0,0.0,0.0,99.9,0.0,16.6,11.0,892.6,68.36,15380.0,0.0
2460,0.0,0.0,0.0,0.0,99.9,0.0,16.7,10.9,892.6,68.36,15380.0,0.0
2520,0.0,0.0,0.0,0.0,99.9,0.0,16.8,11.1,892.6,68.36,15380.0,0.0
2580,0.0,0.0,0.0,0.0,99.9,0.0,16.9,11.1,892.6,68.36,15380.0,0.0
2640,0.0,0.0,0.0,0.0,99.9,0.0,16.9,11.1,892.6,68.36,15380.0,0.0
2700,0.0,0.0,0.0,0.0,99.9,0.0,16.9,11.2,892.6,68.36,15380.0,0.0
2760,0.0,0.0,0.0,0.0,99.9,0.0,16.9,11.2,892.6,68.36,15380.0,0.0
2820,0.0,0.0,0.0,0.0,99.9,0.0,16.9,11.2,892.5,68.36,15380.0,0.0
2880,0.0,0.0,0.0,0.0,99.9,0.0,16.9,11.4,892.5,68.36,15380.0,0.0
2940,0.0,0.0,0.0,0.0,99.9,0.0,16.9,11.5,892.6,68.36,15380.0,0.0
3000,0.0,0.0,0.0,0.0,99.9,0.0,16.9,12.1,892.5,68.36,15380.0,0.0
3060,0.0,0.0,0.0,0.0,99.9,0.0,16.8,12.5,892.5,68.36,15380.0,0.0
3120,0.0,0.0,0.0,0.0,99.9,0.0,16.8,12.6,892.5,68.36,15380.0,0.0
3180,0.0,0.0,0.0,0.0,99.9,0.0,16.8,12.2,892.5,68.36,15380.0,0.0
3240,0.0,0.0,0.0,0.0,99.9,0.0,16.8,11.9,892.5,68.36,15380.0,0.0
3300,0.0,0.0,0.0,0.0,99.9,0.0,16.8,12.1,892.5,68.36,15380.0,0.0
3360,0.0,0.0,0.0,0.0,99.9,0.0,16.8,12.5,892.5,68.36,15380.0,0.0
3420,0.0,0.0,0.0,0.0,99.9,0.0,16.8,12.8,892.5,68.36,15380.0,0.0
3480,0.0,0.0,0.0,0.0,99.9,0.0,16.7,13.0,892.5,68.36,15380.0,0.0
3540,0.0,0.0,0.0,0.0,99.9,0.0,16.7,13.0,892.5,68.36,15380.0,0.0
3600,0.0,0.0,0.0,0.0,99.9,0.0,16.6,12.9,892.5,68.36,15380.0,0.0
3660,0.0,0.0,0.0,0.0,99.9,0.0,16.5,12.5,892.5,68.36,15380.0,0.0
3720,0.0,0.0,0.0,0.0,99.9,0.0,16.4,12.8,892.5,68.36,15380.0,0.0
3780,0.0,0.0,0.0,0.0,99.9,0.0,16.3,12.5,892.5,68.36,15380.0,0.0
3840,0.0,0.0,0.0,0.0,99.9,0.0,16.2,12.6,892.5,68.36,15380.0,0.0
3900,0.0,0.0,0.0,0.0,99.9,0.0,16.2,13.1,892.5,68.36,15380.0,0.0
3960,0.0,0.0,0.0,0.0,99.9,0.0,16.2,13.4,892.5,68.36,15380.0,0.0
4020,0.0,0.0,0.0,0.0,99.9,0.0,16.2,13.4,892.5,68.36,15380.0,0.0
4080,0.0,0.0,0.0,0.0,99.9,0.0,16.2,12.7,892.5,68.36,15380.0,0.0
4140,0.0,0.0,0.0,0.0,99.9,0.0,16.2,12.9,892.5,68.36,15380.0,0.0
4200,0.0,0.0,0.0,0.0,99.9,0.0,16.2,12.9,892.5,68.36,15380.0,0.0
4260,0.0,0.0,0.0,0.0,99.9,0.0,16.1,13.2,892.5,68.36,15380.0,0.0
4320,0.0,0.0,0.0,0.0,99.9,0.0,16.2,13.3,892.5,68.36,15380.0,0.0
4380,0.0,0.0,0.0,0.0,99.9,0.0,16.2,13.2,892.4,68.36,15380.0,0.0
4440,0.0,0.0,0.0,0.0,99.9,0.0,16.3,13.1,892.4,68.36,15380.0,0.0
4500,0.0,0.0,0.0,0.0,99.9,0.0,16.4,13.3,892.4,68.36,15380.0,0.0
4560,0.0,0.0,0.0,0.0,99.9,0.0,16.3,13.4,892.4,68.36,15380.0,0.0
4620,0.0,0.0,0.0,0.0,99.9,0.0,16.3,13.4,892.4,68.36,15380.0,0.0
4680,0.0,0.0,0.0,0.0,99.9,0.0,16.3,13.3,892.4,68.36,15380.0,0.0
4740,0.0,0.0,0.0,0.0,99.9,0.0,16.3,13.2,892.4,68.36,15380.0,0.0
4800,0.0,0.0,0.0,0.0,99.9,0.0,16.3,13.1,892.4,68.36,15380.0,0.0
4860,0.0,0.0,0.0,0.0,99.9,0.0,16.3,13.2,892.3,68.36,15380.0,0.0
4920,0.0,0.0,0.0,0.0,99.9,0.0,16.2,13.5,892.3,68.36,15380.0,0.0
4980,0.0,0.0,0.0,0.0,99.9,0.0,16.2,13.7,892.3,68.36,15380.0,0.0
5040,0.0,0.0,0.0,0.0,99.9,0.0,16.2,13.1,892.3,68.36,15380.0,0.0
5100,0.0,0.0,0.0,0.0,99.9,0.0,16.3,13.0,892.3,68.36,15380.0,0.0
5160,0.0,0.0,0.0,0.0,99.9,0.0,16.3,12.9,892.3,68.36,15380.0,0.0
5220,0.0,0.0,0.0,0.0,99.9,0.0,16.4,12.3,892.3,68.36,15380.0,0.0
5280,0.0,0.0,0.0,0.0,99.9,0.0,16.4,12.0,892.3,68.36,15380.0,0.0
5340,0.0,0.0,0.0,0.0,99.9,0.0,16.5,11.8,892.3,68.36,15380.0,0.0
5400,0.0,0.0,0.0,0.0,99.9,0.0,16.6,12.0,892.3,68.36,15380.0,0.0
5460,0.0,0.0,0.0,0.0,99.9,0.0,16.6,12.1,892.4,68.36,15380.0,0.0
5520,0.0,0.0,0.0,0.0,99.9,0.0,16.6,12.1,892.4,68.36,15380.0,0.0
5580,0.0,0.0,0.0,0.0,99.9,0.0,16.6,11.7,892.4,68.36,15380.0,0.0
5640,0.0,0.0,0.0,0.0,99.9,0.0,16.6,11.7,892.4,68.36,15380.0,0.0
5700,0.0,0.0,0.0,0.0,99.9,0.0,16.7,11.6,892.4,68.36,15380.0,0.0
5760,0.0,0.0,0.0,0.0,99.9,0.0,16.7,11.7,892.4,68.36,15380.0,0.0
5820,0.0,0.0,0.0,0.0,99.9,0.0,16.7,11.5,892.3,68.36,15380.0,0.0
5880,0.0,0.0,0.0,0.0,99.9,0.0,16.7,11.6,892.3,68.36,15380.0,0.0
5940,0.0,0.0,0.0,0.0,99.9,0.0,16.7,12.0,892.3,68.36,15380.0,0.0
6000,0.0,0.0,0.0,0.0,99.9,0.0,16.7,11.9,892.3,68.36,15380.0,0.0
6060,0.0,0.0,0.0,0.0,99.9,0.0,16.7,11.4,892.3,68.36,15380.0,0.0
6120,0.0,0.0,0.0,0.0,99.9,0.0,16.7,10.9,892.2,68.36,15380.0,0.0
6180,0.0,0.0,0.0,0.0,99.9,0.0,16.8,10.8,892.2,68.36,15380.0,0.0
6240,0.0,0.0,0.0,0.0,99.9,0.0,16.9,10.8,892.2,68.36,15380.0,0.0
6300,0.0,0.0,0.0,0.0,99.9,0.0,16.9,10.5,892.2,68.36,15380.0,0.0
6360,0.0,0.0,0.0,0.0,99.9,0.0,16.9,10.4,892.2,68.36,15380.0,0.0
6420,0.0,0.0,0.0,0.0,99.9,0.0,16.9,10.2,892.2,68.36,15380.0,0.0
6480,0.0,0.0,0.0,0.0,99.9,0.0,17.0,10.5,892.2,68.36,15380.0,0.0
6540,0.0,0.0,0.0,0.0,99.9,0.0,17.0,10.4,892.2,68.36,15380.0,0.0
6600,0.0,0.0,0.0,0.0,99.9,0.0,17.0,10.3,892.2,68.36,15380.0,0.0
6660,0.0,0.0,0.0,0.0,99.9,0.0,17.1,10.4,892.2,68.36,15380.0,0.0
6720,0.0,0.0,0.0,0.0,99.9,0.0,17.1,10.4,892.1,68.36,15380.0,0.0
6780,0.0,0.0,0.0,0.0,99.9,0.0,17.3,9.8,892.1,68.36,15380.0,0.0
6840,0.0,0.0,0.0,0.0,99.9,0.0,17.5,9.8,892.1,68.36,15380.0,0.0
6900,0.0,0.0,0.0,0.0,99.9,0.0,17.6,10.1,892.1,68.36,15380.0,0.0
6960,0.0,0.0,0.0,0.0,99.9,0.0,17.6,10.3,892.1,68.36,15380.0,0.0
7020,0.0,0.0,0.0,0.0,99.9,0.0,17.7,10.2,892.1,68.36,15380.0,0.0
7080,0.0,0.0,0.0,0.0,99.9,0.0,17.7,10.1,892.1,68.36,15380.0,0.0
7140,0.0,0.0,0.0,0.0,99.9,0.0,17.8,10.0,892.1,68.36,15380.0,0.0
7200,0.0,0.0,0.0,0.0,99.9,0.0,17.9,9.9,892.0,68.36,15380.0,0.0
7260,0.0,0.0,0.0,0.0,99.9,0.0,17.9,10.0,892.0,68.36,15380.0,0.0
7320,0.0,0.0,0.0,0.0,99.9,0.0,17.9,10.1,892.0,68.36,15380.0,0.0
7380,0.0,0.0,0.0,0.0,99.9,0.0,17.9,10.3,892.0,68.36,15380.0,0.0
7440,0.0,0.0,0.0,0.0,99.9,0.0,17.9,10.9,892.0,68.36,15380.0,0.0
7500,0.0,0.0,0.0,0.0,99.9,0.0,17.8,10.5,892.0,68.36,15380.0,0.0
7560,0.0,0.0,0.0,0.0,99.9,0.0,17.8,10.9,892.0,68.36,15380.0,0.0
7620,0.0,0.0,0.0,0.0,99.9,0.0,17.8,10.7,892.1,68.36,15380.0,0.0
7680,0.0,0.0,0.0,0.0,99.9,0.0,17.8,11.0,892.1,68.36,15380.0,0.0
7740,0.0,0.0,0.0,0.0,99.9,0.0,17.8,11.5,892.1,68.36,15380.0,0.0
7800,0.0,0.0,0.0,0.0,99.9,0.0,17.8,11.5,892.1,68.36,15380.0,0.0
7860,0.0,0.0,0.0,0.0,99.9,0.0,17.7,12.0,892.0,68.36,15380.0,0.0
7920,0.0,0.0,0.0,0.0,99.9,0.0,17.7,12.6,892.0,68.36,15380.0,0.0
7980,0.0,0.0,0.0,0.0,99.9,0.0,17.7,12.6,892.0,68.36,15380.0,0.0
8040,0.0,0.0,0.0,0.0,99.9,0.0,17.7,13.2,892.0,68.36,15380.0,0.0
8100,0.0,0.0,0.0,0.0,99.9,0.0,17.7,13.2,892.0,68.36,15380.0,0.0
8160,0.0,0.0,0.0,0.0,99.9,0.0,17.7,14.7,892.0,68.36,15380.0,0.0
8220,0.0,0.0,0.0,0.0,99.9,0.0,17.7,14.5,891.9,68.36,15380.0,0.0
8280,0.0,0.0,0.0,0.0,99.9,0.0,17.7,15.1,891.9,68.36,15380.0,0.0
8340,0.0,0.0,0.0,0.0,99.9,0.0,17.7,14.4,891.9,68.36,15380.0,0.0
8400,0.0,0.0,0.0,0.0,99.9,0.0,17.7,14.9,891.9,68.36,15380.0,0.0
8460,0.0,0.0,0.0,0.0,99.9,0.0,17.8,14.0,891.9,68.36,15380.0,0.0
8520,0.0,0.0,0.0,0.0,99.9,0.0,17.8,14.5,891.8,68.36,15380.0,0.0
8580,0.0,0.0,0.0,0.0,99.9,0.0,17.8,14.6,891.9,68.36,15380.0,0.0
8640,0.0,0.0,0.0,0.0,99.9,0.0,17.9,13.2,891.8,68.36,15380.0,0.0
8700,0.0,0.0,0.0,0.0,99.9,0.0,18.0,12.0,891.8,68.36,15380.0,0.0
8760,0.0,0.0,0.0,0.0,99.9,0.0,18.1,12.2,891.8,68.36,15380.0,0.0
8820,0.0,0.0,0.0,0.0,99.9,0.0,18.2,12.3,891.8,68.36,15380.0,0.0
8880,0.0,0.0,0.0,0.0,99.9,0.0,18.3,12.4,891.8,68.36,15380.0,0.0
8940,0.0,0.0,0.0,0.0,99.9,0.0,18.3,12.1,891.8,68.36,15380.0,0.0
9000,0.0,0.0,0.0,0.0,99.9,0.0,18.3,12.4,891.8,68.36,15380.0,0.0
9060,0.0,0.0,0.0,0.0,99.9,0.0,18.4,12.4,891.8,68.36,15380.0,0.0
9120,0.0,0.0,0.0,0.0,99.9,0.0,18.4,12.1,891.8,68.36,15380.0,0.0
9180,0.0,0.0,0.0,0.0,99.9,0.0,18.4,11.7,891.8,68.36,15380.0,0.0
9240,0.0,0.0,0.0,0.0,99.9,0.0,18.4,11.5,891.8,68.36,15380.0,0.0
9300,0.0,0.0,0.0,0.0,99.9,0.0,18.5,11.6,891.8,68.36,15380.0,0.0
9360,0.0,0.0,0.0,0.0,99.9,0.0,18.5,11.9,891.8,68.36,15380.0,0.0
9420,0.0,0.0,0.0,0.0,99.9,0.0,18.5,12.7,891.8,68.36,15380.0,0.0
9480,0.0,0.0,0.0,0.0,99.9,0.0,18.4,13.4,891.8,68.36,15380.0,0.0
9540,0.0,0.0,0.0,0.0,99.9,0.0,18.4,13.3,891.8,68.36,15380.0,0.0
9600,0.0,0.0,0.0,0.0,99.9,0.0,18.4,13.5,891.8,68.36,15380.0,0.0
9660,0.0,0.0,0.0,0.0,99.9,0.0,18.3,13.5,891.8,68.36,15380.0,0.0
9720,0.0,0.0,0.0,0.0,99.9,0.0,18.3,14.4,891.8,68.36,15380.0,0.0
9780,0.0,0.0,0.0,0.0,99.9,0.0,18.2,16.1,891.8,68.36,15380.0,0.0
9840,0.0,0.0,0.0,0.0,99.9,0.0,18.1,14.3,891.8,68.36,15380.0,0.0
9900,0.0,0.0,0.0,0.0,99.9,0.0,18.2,16.0,891.8,68.36,15380.0,0.0
9960,0.0,0.0,0.0,0.0,99.9,0.0,18.1,17.2,891.8,68.36,15380.0,0.0
10020,0.0,0.0,0.0,0.0,99.9,0.0,18.0,18.7,891.8,68.36,15380.0,0.0
10080,0.0,0.0,0.0,0.0,99.9,0.0,17.9,14.6,891.8,68.36,15380.0,0.0
10140,0.0,0.0,0.0,0.0,99.9,0.0,18.0,14.1,891.8,68.36,15380.0,0.0
10200,0.0,0.0,0.0,0.0,99.9,0.0,18.0,15.4,891.8,68.36,15380.0,0.0
10260,0.0,0.0,0.0,0.0,99.9,0.0,18.1,17.2,891.8,68.36,15380.0,0.0
10320,0.0,0.0,0.0,0.0,99.9,0.0,18.0,16.9,891.7,68.36,15380.0,0.0
10380,0.0,0.0,0.0,0.0,99.9,0.0,18.0,16.2,891.7,68.36,15380.0,0.0
10440,0.0,0.0,0.0,0.0,99.9,0.0,18.0,14.6,891.7,68.36,15380.0,0.0
10500,0.0,0.0,0.0,0.0,99.9,0.0,18.0,14.1,891.7,68.36,15380.0,0.0
10560,0.0,0.0,0.0,0.0,99.9,0.0,18.1,16.1,891.7,68.36,15380.0,0.0
10620,0.0,0.0,0.0,0.0,99.9,0.0,18.0,15.3,891.7,68.36,15380.0,0.0
10680,0.0,0.0,0.0,0.0,99.9,0.0,18.0,15.0,891.7,68.36,15380.0,0.0
10740,0.0,0.0,0.0,0.0,99.9,0.0,18.0,13.9,891.7,68.36,15380.0,0.0
10800,0.0,0.0,0.0,0.0,99.9,0.0,18.1,13.8,891.7,68.36,15380.0,0.0
10860,0.0,0.0,0.0,0.0,99.9,0.0,18.1,14.1,891.7,68.36,15380.0,0.0
10920,0.0,0.0,0.0,0.0,99.9,0.0,18.2,14.3,891.8,68.36,15380.0,0.0
10980,0.0,0.0,0.0,0.0,99.9,0.0,18.1,16.5,891.8,68.36,15380.0,0.0
11040,0.0,0.0,0.0,0.0,99.9,0.0,18.1,15.3,891.8,68.36,15380.0,0.0
11100,0.0,0.0,0.0,0.0,99.9,0.0,18.0,15.1,891.8,68.36,15380.0,0.0
11160,0.0,0.0,0.0,0.0,99.9,0.0,18.0,16.0,891.8,68.36,15380.0,0.0
11220,0.0,0.0,0.0,0.0,99.9,0.0,18.0,18.9,891.8,68.36,15380.0,0.0
11280,0.0,0.0,0.0,0.0,99.9,0.0,17.8,19.9,891.9,68.36,15380.0,0.0
11340,0.0,0.0,0.0,0.0,99.9,0.0,17.6,20.7,891.9,68.36,15380.0,0.0
11400,0.0,0.0,0.0,0.0,99.9,0.0,17.5,23.2,891.9,68.36,15380.0,0.0
11460,0.0,0.0,0.0,0.0,99.9,0.0,17.3,24.3,891.9,68.36,15380.0,0.0
11520,0.0,0.0,0.0,0.0,99.9,0.0,17.2,24.9,891.9,68.36,15380.0,0.0
11580,0.0,0.0,0.0,0.0,99.9,0.0,17.0,23.8,891.9,68.36,15380.0,0.0
11640,0.0,0.0,0.0,0.0,99.9,0.0,16.9,24.1,891.9,68.36,15380.0,0.0
11700,0.0,0.0,0.0,0.0,99.9,0.0,16.8,23.2,892.0,68.36,15380.0,0.0
11760,0.0,0.0,0.0,0.0,99.9,0.0,16.7,26.0,892.0,68.36,15380.0,0.0
11820,0.0,0.0,0.0,0.0,99.9,0.0,16.7,26.6,892.0,68.36,15380.0,0.0
11880,0.0,0.0,0.0,0.0,99.9,0.0,16.7,26.4,892.0,68.36,15380.0,0.0
11940,0.0,0.0,0.0,0.0,99.9,0.0,16.8,25.7,892.0,68.36,15380.0,0.0
12000,0.0,0.0,0.0,0.0,99.9,0.0,16.9,27.4,892.0,68.36,15380.0,0.0
12060,0.0,0.0,0.0,0.0,99.9,0.0,16.9,27.5,892.0,68.36,15380.0,0.0
12120,0.0,0.0,0.0,0.0,99.9,0.0,16.8,27.9,892.0,68.36,15380.0,0.0
12180,0.0,0.0,0.0,0.0,99.9,0.0,16.8,27.2,892.0,68.36,15380.0,0.0
12240,0.0,0.0,0.0,0.0,99.9,0.0,16.8,26.2,892.0,68.36,15380.0,0.0
12300,0.0,0.0,0.0,0.0,99.9,0.0,16.9,23.9,892.0,68.36,15380.0,0.0
12360,0.0,0.0,0.0,0.0,99.9,0.0,17.0,23.6,892.0,68.36,15380.0,0.0
12420,0.0,0.0,0.0,0.0,99.9,0.0,17.0,24.0,892.0,68.36,15380.0,0.0
12480,0.0,0.0,0.0,0.0,99.9,0.0,17.1,24.6,892.0,68.36,15380.0,0.0
12540,0.0,0.0,0.0,0.0,99.9,0.0,17.1,28.5,892.0,68.36,15380.0,0.0
12600,0.0,0.0,0.0,0.0,99.9,0.0,16.9,32.6,892.0,68.36,15380.0,0.0
12660,0.0,0.0,0.0,0.0,99.9,0.0,16.8,27.9,892.1,68.36,15380.0,0.0
12720,0.0,0.0,0.0,0.0,99.9,0.0,16.6,21.0,892.1,68.36,15380.0,0.0
12780,0.0,0.0,0.0,0.0,99.9,0.0,16.5,19.7,892.1,68.36,15380.0,0.0
12840,0.0,0.0,0.0,0.0,99.9,0.0,16.4,15.1,892.1,68.36,15380.0,0.0
12900,0.0,0.0,0.0,0.0,99.9,0.0,16.4,14.9,892.1,68.36,15380.0,0.0
12960,0.0,0.0,0.0,0.0,99.9,0.0,16.3,15.8,892.1,68.36,15380.0,0.0
13020,0.0,0.0,0.0,0.0,99.9,0.0,16.3,16.8,892.0,68.36,15380.0,0.0
13080,0.0,0.0,0.0,0.0,99.9,0.0,16.4,21.8,892.0,68.36,15380.0,0.0
13140,0.0,0.0,0.0,0.0,99.9,0.0,16.4,35.6,892.0,68.36,15380.0,0.0
13200,0.0,0.0,0.0,0.0,99.9,0.0,16.3,31.2,892.0,68.36,15380.0,0.0
13260,0.0,0.0,0.0,0.0,99.9,0.0,16.3,27.2,892.0,68.36,15380.0,0.0
13320,0.0,0.0,0.0,0.0,99.9,0.0,16.4,24.0,892.0,68.36,15380.0,0.0
13380,0.0,0.0,0.0,0.0,99.9,0.0,16.6,24.3,892.0,68.36,15380.0,0.0
13440,0.0,0.0,0.0,0.0,99.9,0.0,16.8,24.1,892.0,68.36,15380.0,0.0
13500,0.0,0.0,0.0,0.0,99.9,0.0,16.8,23.7,892.0,68.36,15380.0,0.0
13560,0.0,0.0,0.0,0.0,99.9,0.0,16.9,23.5,892.0,68.36,15380.0,0.0
13620,0.0,0.0,0.0,0.0,99.9,0.0,16.9,23.6,892.0,68.36,15380.0,0.0
13680,0.0,0.0,0.0,0.0,99.9,0.0,16.9,23.6,892.0,68.36,15380.0,0.0
13740,0.0,0.0,0.0,0.0,99.9,0.0,16.8,32.6,892.0,68.36,15380.0,0.0
13800,0.0,0.0,0.0,0.0,99.9,0.0,16.6,30.8,892.0,68.36,15380.0,0.0
13860,0.0,0.0,0.0,0.0,99.9,0.0,16.4,25.5,892.1,68.36,15380.0,0.0
13920,0.0,0.0,0.0,0.0,99.9,0.0,16.3,21.2,892.1,68.36,15380.0,0.0
13980,0.0,0.0,0.0,0.0,99.9,0.0,16.2,18.6,892.1,68.36,15380.0,0.0
14040,0.0,0.0,0.0,0.0,99.9,0.0,16.2,19.6,892.1,68.36,15380.0,0.0
14100,0.0,0.0,0.0,0.0,99.9,0.0,16.2,20.7,892.1,68.36,15380.0,0.0
14160,0.0,0.0,0.0,0.0,99.9,0.0,16.1,16.5,892.1,68.36,15380.0,0.0
14220,0.0,0.0,0.0,0.0,99.9,0.0,16.1,16.5,892.2,68.36,15380.0,0.0
14280,0.0,0.0,0.0,0.0,99.9,0.0,16.1,16.4,892.2,68.36,15380.0,0.0
14340,0.0,0.0,0.0,0.0,99.9,0.0,16.0,16.3,892.2,68.36,15380.0,0.0
14400,0.0,0.0,0.0,0.0,99.9,0.0,16.0,16.8,892.2,68.36,15380.0,0.0
14460,0.0,0.0,0.0,0.0,99.9,0.0,16.1,29.0,892.1,68.36,15380.0,0.0
14520,0.0,0.0,0.0,0.0,99.9,0.0,16.1,28.6,892.1,68.36,15380.0,0.0
14580,0.0,0.0,0.0,0.0,99.9,0.0,16.2,25.3,892.1,68.36,15380.0,0.0
14640,0.0,0.0,0.0,0.0,99.9,0.0,16.5,21.1,892.1,68.36,15380.0,0.0
14700,0.0,0.0,0.0,0.0,99.9,0.0,16.8,19.3,892.1,68.36,15380.0,0.0
14760,0.0,0.0,0.0,0.0,99.9,0.0,17.1,20.4,892.1,68.36,15380.0,0.0
14820,0.0,0.0,0.0,0.0,99.9,0.0,17.2,17.9,892.1,68.36,15380.0,0.0
14880,0.0,0.0,0.0,0.0,99.9,0.0,17.3,20.6,892.1,68.36,15380.0,0.0
14940,0.0,0.0,0.0,0.0,99.9,0.0,17.3,23.1,892.1,68.36,15380.0,0.0
15000,0.0,0.0,0.0,0.0,99.9,0.0,17.1,24.3,892.1,68.36,15380.0,0.0
15060,0.0,0.0,0.0,0.0,99.9,0.0,17.0,24.6,892.1,68.36,15380.0,0.0
15120,0.0,0.0,0.0,0.0,99.9,0.0,16.9,24.1,892.1,68.36,15380.0,0.0
15180,0.0,0.0,0.0,0.0,99.9,0.0,16.8,24.5,892.1,68.36,15380.0,0.0
15240,0.0,0.0,0.0,0.0,99.9,0.0,16.8,24.8,892.1,68.36,15380.0,0.0
15300,0.0,0.0,0.0,0.0,99.9,0.0,16.8,24.1,892.1,68.36,15380.0,0.0
15360,0.0,0.0,0.0,0.0,99.9,0.0,16.8,23.8,892.1,68.36,15380.0,0.0
15420,0.0,0.0,0.0,0.0,99.9,0.0,16.9,22.4,892.1,68.36,15380.0,0.0
15480,0.0,0.0,0.0,0.0,99.9,0.0,16.9,19.9,892.0,68.36,15380.0,0.0
15540,0.0,0.0,0.0,0.0,99.9,0.0,17.1,21.4,892.1,68.36,15380.0,0.0
15600,0.0,0.0,0.0,0.0,99.9,0.0,17.1,22.1,892.1,68.36,15380.0,0.0
15660,0.0,0.0,0.0,0.0,99.9,0.0,17.1,23.4,892.1,68.36,15380.0,0.0
15720,0.0,0.0,0.0,0.0,99.9,0.0,16.9,25.5,892.1,68.36,15380.0,0.0
15780,0.0,0.0,0.0,0.0,99.9,0.0,16.8,30.3,892.1,68.36,15380.0,0.0
15840,0.0,0.0,0.0,0.0,99.9,0.0,16.6,20.0,892.2,68.36,15380.0,0.0
15900,0.0,0.0,0.0,0.0,99.9,0.0,16.4,17.9,892.2,68.36,15380.0,0.0
15960,0.0,0.0,0.0,0.0,99.9,0.0,16.3,18.4,892.2,68.36,15380.0,0.0
16020,0.0,0.0,0.0,0.0,99.9,0.0,16.2,26.3,892.2,68.36,15380.0,0.0
16080,0.0,0.0,0.0,0.0,99.9,0.0,16.2,27.2,892.1,68.36,15380.0,0.0
16140,0.0,0.0,0.0,0.0,99.9,0.0,16.2,24.3,892.1,68.36,15380.0,0.0
16200,0.0,0.0,0.0,0.0,99.9,0.0,16.3,21.9,892.1,68.36,15380.0,0.0
16260,0.0,0.0,0.0,0.0,99.9,0.0,16.6,18.9,892.1,68.36,15380.0,0.0
16320,0.0,0.0,0.0,0.0,99.9,0.0,16.8,17.7,892.1,68.36,15380.0,0.0
16380,0.0,0.0,0.0,0.0,99.9,0.0,17.1,17.3,892.1,68.36,15380.0,0.0
16440,0.0,0.0,0.0,0.0,99.9,0.0,17.3,17.1,892.1,68.36,15380.0,0.0
16500,0.0,0.0,0.0,0.0,99.9,0.0,17.5,17.3,892.1,68.36,15380.0,0.0
16560,0.0,0.0,0.0,0.0,99.9,0.0,17.6,17.2,892.1,68.36,15380.0,0.0
16620,0.0,0.0,0.0,0.0,99.9,0.0,17.7,17.6,892.1,68.36,15380.0,0.0
16680,0.0,0.0,0.0,0.0,99.9,0.0,17.8,17.8,892.0,68.36,15380.0,0.0
16740,0.0,0.0,0.0,0.0,99.9,0.0,18.0,17.5,892.0,68.36,15380.0,0.0
16800,0.0,0.0,0.0,0.0,99.9,0.0,18.1,17.3,892.0,68.36,15380.0,0.0
16860,0.0,0.0,0.0,0.0,99.9,0.0,18.2,17.6,892.0,68.36,15380.0,0.0
16920,0.0,0.0,0.0,0.0,99.9,0.0,18.3,17.6,892.0,68.36,15380.0,0.0
16980,0.0,0.0,0.0,0.0,99.9,0.0,18.3,16.8,892.0,68.36,15380.0,0.0
17040,0.0,0.0,0.0,0.0,99.9,0.0,18.4,17.6,892.0,68.36,15380.0,0.0
17100,0.0,0.0,0.0,0.0,99.9,0.0,18.5,17.4,892.0,68.36,15380.0,0.0
17160,0.0,0.0,0.0,0.0,99.9,0.0,18.7,15.7,892.0,68.36,15380.0,0.0
17220,0.0,0.0,0.0,0.0,99.9,0.0,18.8,16.1,892.0,68.36,15380.0,0.0
17280,0.0,0.0,0.0,0.0,99.9,0.0,18.8,15.2,892.0,68.36,15380.0,0.0
17340,0.0,0.0,0.0,0.0,99.9,0.0,18.9,15.4,892.1,68.36,15380.0,0.0
17400,0.0,0.0,0.0,0.0,99.9,0.0,18.9,18.9,892.1,68.36,15380.0,0.0
17460,0.0,0.0,0.0,0.0,99.9,0.0,18.8,19.0,892.1,68.36,15380.0,0.0
17520,0.0,0.0,0.0,0.0,99.9,0.0,18.6,19.5,892.1,68.36,15380.0,0.0
17580,0.0,0.0,0.0,0.0,99.9,0.0,18.4,20.0,892.1,68.36,15380.0,0.0
17640,0.0,0.0,0.0,0.0,99.9,0.0,18.2,20.0,892.1,68.36,15380.0,0.0
17700,0.0,0.0,0.0,0.0,99.9,0.0,18.2,19.7,892.1,68.36,15380.0,0.0
17760,0.0,0.0,0.0,0.0,99.9,0.0,18.3,18.8,892.1,68.36,15380.0,0.0
17820,0.0,0.0,0.0,0.0,99.9,0.0,18.4,20.6,892.1,68.36,15380.0,0.0
17880,0.0,0.0,0.0,0.0,99.9,0.0,18.4,20.5,892.2,68.36,15380.0,0.0
17940,0.0,0.0,0.0,0.0,99.9,0.0,18.4,19.2,892.2,68.36,15380.0,0.0
18000,0.0,0.0,0.0,0.0,99.9,0.0,18.4,19.1,892.1,68.36,15380.0,0.0
18060,0.0,0.0,0.0,0.0,99.9,0.0,18.3,19.2,892.2,68.36,15380.0,0.0
18120,0.0,0.0,0.0,0.0,99.9,0.0,18.4,20.9,892.1,68.36,15380.0,0.0
18180,0.0,0.0,0.0,0.0,99.9,0.0,18.5,20.3,892.2,68.36,15380.0,0.0
18241,0.0,0.0,0.0,0.0,99.9,0.0,18.5,21.4,892.1,68.36,15380.0,0.0
18309,0.0,0.0,0.0,0.0,99.9,0.0,18.5,19.9,892.2,68.36,15380.0,0.0
18360,0.0,0.0,0.0,0.0,99.9,0.0,18.5,18.9,892.2,68.36,15380.0,0.0
18420,0.0,0.0,0.0,0.0,99.9,0.0,18.4,18.4,892.2,68.36,15380.0,0.0
18480,0.0,0.0,0.0,0.0,99.9,0.0,18.3,18.0,892.1,68.36,15380.0,0.0
18540,0.0,0.0,0.0,0.0,99.9,0.0,18.3,20.0,892.1,68.36,15380.0,0.0
18600,0.0,0.0,0.0,0.0,99.9,0.0,18.3,20.9,892.1,68.36,15380.0,0.0
18660,0.0,0.0,0.0,0.0,99.9,0.0,18.4,21.9,892.1,68.36,15380.0,0.0
18720,0.0,0.0,0.0,0.0,99.9,0.0,18.4,21.5,892.1,68.36,15380.0,0.0
18780,0.0,0.0,0.0,0.0,99.9,0.0,18.5,16.9,892.0,68.36,15380.0,0.0
18840,0.0,0.0,0.0,0.0,99.9,0.0,18.6,15.6,892.0,68.36,15380.0,0.0
18900,0.0,0.0,0.0,0.0,99.9,0.0,18.7,16.3,892.0,68.36,15380.0,0.0
18960,0.0,0.0,0.0,0.0,99.9,0.0,18.8,16.5,892.0,68.36,15380.0,0.0
19020,0.0,0.0,0.0,0.0,99.9,0.0,18.9,16.8,892.0,68.36,15380.0,0.0
19080,0.0,0.0,0.0,0.0,99.9,0.0,18.9,17.2,892.0,68.36,15380.0,0.0
19140,0.0,0.0,0.0,0.0,99.9,0.0,19.0,16.9,892.0,68.36,15380.0,0.0
19200,0.0,0.0,0.0,0.0,99.9,0.0,19.0,16.7,892.0,68.36,15380.0,0.0
19260,0.0,0.0,0.0,0.0,99.9,0.0,18.9,16.5,892.0,68.36,15380.0,0.0
19320,0.0,0.0,0.0,0.0,99.9,0.0,18.9,16.7,892.0,68.36,15380.0,0.0
19380,0.0,0.0,0.0,0.0,99.9,0.0,18.9,17.1,892.0,68.36,15380.0,0.0
19440,0.0,0.0,0.0,0.0,99.9,0.0,18.9,17.3,892.0,68.36,15380.0,0.0
19500,0.0,0.0,0.0,0.0,99.9,0.0,18.9,16.8,892.0,68.36,15380.0,0.0
19560,0.0,0.0,0.0,0.0,99.9,0.0,18.9,17.2,892.1,68.36,15380.0,0.0
19620,0.0,0.0,0.0,0.0,99.9,0.0,18.9,16.9,892.1,68.36,15380.0,0.0
19680,0.0,0.0,0.0,0.0,99.9,0.0,18.8,17.5,892.1,68.36,15380.0,0.0
19740,0.0,0.0,0.0,0.0,99.9,0.0,18.8,18.5,892.1,68.36,15380.0,0.0
19800,0.0,0.0,0.0,0.0,99.9,0.0,18.6,18.4,892.2,68.36,15380.0,0.0
19860,0.0,0.0,0.0,0.0,99.9,0.0,18.6,18.1,892.2,68.36,15380.0,0.0
19920,0.0,0.0,0.0,0.0,99.9,0.0,18.6,17.8,892.2,68.36,15380.0,0.0
19980,0.0,0.0,0.0,0.0,99.9,0.0,18.6,19.8,892.2,68.36,15380.0,0.0
20040,0.0,0.0,0.0,0.0,99.9,0.0,18.4,18.6,892.2,68.36,15380.0,0.0
20100,0.0,0.0,0.0,0.0,99.9,0.0,18.5,18.3,892.2,68.36,15380.0,0.0
20160,0.0,0.0,0.0,0.0,99.9,0.0,18.6,18.2,892.1,68.36,15380.0,0.0
20220,0.0,0.0,0.0,0.0,99.9,0.0,18.7,18.0,892.1,68.36,15380.0,0.0
20280,0.0,0.0,0.0,0.0,99.9,0.0,18.8,17.8,892.1,68.36,15380.0,0.0
20340,0.0,0.0,0.0,0.0,99.9,0.0,18.8,18.0,892.1,68.36,15380.0,0.0
20400,0.0,0.0,0.0,0.0,99.9,0.0,18.9,18.0,892.1,68.36,15380.0,0.0
20460,0.0,0.0,0.0,0.0,99.9,0.0,18.9,18.0,892.1,68.36,15380.0,0.0
20520,0.0,0.0,0.0,0.0,99.9,0.0,18.9,18.0,892.1,68.36,15380.0,0.0
20580,0.0,0.0,0.0,0.0,99.9,0.0,18.9,17.8,892.1,68.36,15380.0,0.0
20640,0.0,0.0,0.0,0.0,99.9,0.0,18.9,17.7,892.1,68.36,15380.0,0.0
20700,0.0,0.0,0.0,0.0,99.9,0.0,18.9,17.6,892.1,68.36,15380.0,0.0
20760,0.0,0.0,0.0,0.0,99.9,0.0,18.9,17.6,892.1,68.36,15380.0,0.0
20820,0.0,0.0,0.0,0.0,99.9,0.0,18.9,17.5,892.1,68.36,15380.0,0.0
20880,0.0,0.0,0.0,0.0,99.9,0.0,18.9,17.4,892.2,68.36,15380.0,0.0
20940,0.0,0.0,0.0,0.0,99.9,0.0,18.9,17.1,892.2,68.36,15380.0,0.0
21000,0.0,0.0,0.0,0.0,99.9,0.0,18.9,17.5,892.2,68.36,15380.0,0.0
21060,0.0,0.0,0.0,0.0,99.9,0.0,18.9,17.6,892.2,68.36,15380.0,0.0
21120,0.0,0.0,0.0,0.0,99.9,0.0,18.9,17.5,892.2,68.36,15380.0,0.0
21180,0.0,0.0,0.0,0.0,99.9,0.0,18.9,17.5,892.3,68.36,15380.0,0.0
21240,0.0,0.0,0.0,0.0,99.9,0.0,18.9,17.6,892.3,68.36,15380.0,0.0
21300,0.0,0.0,0.0,0.0,99.9,0.0,18.9,17.5,892.3,68.36,15380.0,0.0
21360,0.0,0.0,0.0,0.0,99.9,0.0,18.9,17.0,892.3,68.36,15380.0,0.0
21420,0.0,0.0,0.0,0.0,99.9,0.0,18.9,17.0,892.3,68.36,15380.0,0.0
21480,0.0,0.0,0.0,0.0,99.9,0.0,18.9,17.0,892.4,68.36,15380.0,0.0
21540,0.0,0.0,0.0,0.0,99.9,0.0,18.9,17.2,892.4,68.36,15380.0,0.0
21600,0.0,0.0,0.0,0.0,99.9,0.0,18.8,18.1,892.4,68.36,15380.0,0.0
21660,0.0,0.0,0.0,0.0,99.9,0.0,18.8,18.5,892.4,68.36,15380.0,0.0
21720,0.0,0.0,0.0,0.0,99.9,0.0,18.7,19.7,892.4,68.36,15380.0,0.0
21780,0.0,0.0,0.0,0.0,99.9,0.0,18.7,19.1,892.4,68.36,15380.0,0.0
21840,0.0,0.0,0.0,0.0,99.9,0.0,18.6,19.2,892.4,68.36,15380.0,0.0
21900,0.0,0.0,0.0,0.0,99.9,0.0,18.6,17.9,892.4,68.36,15380.0,0.0
21960,0.0,0.0,0.0,0.0,99.9,0.0,18.7,17.4,892.4,68.36,15380.0,0.0
22020,0.0,0.0,0.0,0.0,99.9,0.0,18.7,16.7,892.4,68.36,15380.0,0.0
22080,0.0,0.0,0.0,0.0,99.9,0.0,18.8,16.4,892.4,68.36,15380.0,0.0
22140,0.0,0.0,0.0,0.0,99.9,0.0,18.8,16.3,892.4,68.36,15380.0,0.0
22200,0.0,0.0,0.0,0.0,99.9,0.0,18.8,16.9,892.3,68.36,15380.0,0.0
22260,0.0,0.0,0.0,0.0,99.9,0.0,18.9,17.8,892.3,68.36,15380.0,0.0
22320,0.0,0.0,0.0,0.0,99.9,0.0,18.9,19.9,892.3,68.36,15380.0,0.0
22380,0.0,0.0,0.0,0.0,99.9,0.0,18.9,20.5,892.3,68.36,15380.0,0.0
22440,0.0,0.0,0.0,0.0,99.9,0.0,19.0,20.7,892.3,68.36,15380.0,0.0
22500,0.0,0.0,0.0,0.0,99.9,0.0,19.0,20.5,892.4,68.36,15380.0,0.0
22560,0.0,0.0,0.0,0.0,99.9,0.0,19.0,20.3,892.4,68.36,15380.0,0.0
22620,0.0,0.0,0.0,0.0,99.9,0.0,19.0,17.9,892.4,68.36,15380.0,0.0
22680,0.0,0.0,0.0,0.0,99.9,0.0,19.0,16.3,892.4,68.36,15380.0,0.0
22740,0.0,0.0,0.0,0.0,99.9,0.0,18.9,16.1,892.5,68.36,15380.0,0.0
22800,0.0,0.0,0.0,0.0,99.9,0.0,18.9,16.5,892.5,68.36,15380.0,0.0
22860,0.0,0.0,0.0,0.0,99.9,0.0,18.8,18.1,892.5,68.36,15380.0,0.0
22920,0.0,0.0,0.0,0.0,99.9,0.0,18.8,18.5,892.5,68.36,15380.0,0.0
22980,0.0,0.0,0.0,0.0,99.9,0.0,18.7,17.6,892.5,68.36,15380.0,0.0
23040,0.0,0.0,0.0,0.0,99.9,0.0,18.7,17.4,892.5,68.36,15380.0,0.0
23100,0.0,0.0,0.0,0.0,99.9,0.0,18.7,16.5,892.5,68.36,15380.0,0.0
23160,0.0,0.0,0.0,0.0,99.9,0.0,18.7,15.7,892.5,68.36,15380.0,0.0
23220,0.0,0.0,0.0,0.0,99.9,0.0,18.7,14.9,892.5,68.36,15380.0,0.0
23280,0.0,0.0,0.0,0.0,99.9,0.0,18.8,14.6,892.5,68.36,15380.0,0.0
23340,0.0,0.0,0.0,0.0,99.9,0.0,18.8,15.1,892.6,68.36,15380.0,0.0
23400,0.0,0.0,0.0,0.0,99.9,0.0,18.8,14.8,892.6,68.36,15380.0,0.0
23460,0.0,0.0,0.0,0.0,99.9,0.0,18.8,15.5,892.6,68.36,15380.0,0.0
23520,0.0,0.0,0.0,0.0,99.9,0.0,18.8,16.0,892.6,68.36,15380.0,0.0
23580,0.0,0.0,0.0,0.0,99.9,0.0,18.8,16.1,892.6,68.36,15380.0,0.0
23640,0.0,0.0,0.0,0.0,99.9,0.0,18.8,16.7,892.6,68.36,15380.0,0.0
23700,0.0,0.0,0.0,0.0,99.9,0.0,18.8,14.7,892.6,68.36,15380.0,0.0
23760,0.0,0.0,0.0,0.0,99.9,0.0,18.8,16.2,892.6,68.36,15380.0,0.0
23820,0.0,0.0,0.0,0.0,99.9,0.0,18.9,19.6,892.6,68.36,15380.0,0.0
23880,0.0,0.0,0.0,0.0,99.9,0.0,18.9,20.4,892.6,68.36,15380.0,0.0
23940,0.0,0.0,0.0,0.0,99.9,0.0,19.0,19.2,892.6,68.36,15380.0,0.0
24000,0.0,0.0,0.0,0.0,99.9,0.0,19.1,18.4,892.5,68.36,15380.0,0.0
24060,0.0,0.0,0.0,0.0,99.9,0.0,19.2,18.4,892.5,68.36,15380.0,0.0
24120,0.0,0.0,0.0,0.0,99.9,0.0,19.3,17.2,892.5,68.36,15380.0,0.0
24180,0.0,0.0,0.0,0.0,99.9,0.0,19.4,16.8,892.6,68.36,15380.0,0.0
24240,0.0,0.0,0.0,0.0,99.9,0.0,19.5,15.3,892.6,68.36,15380.0,0.0
24300,0.0,0.0,0.0,0.0,99.9,0.0,19.6,13.6,892.6,68.36,15380.0,0.0
24360,0.0,0.0,0.0,0.0,99.9,0.0,19.7,13.8,892.6,68.36,15380.0,0.0
24420,0.0,0.0,0.0,0.0,99.9,0.0,19.7,11.2,892.6,68.36,15380.0,0.0
24480,0.0,0.0,0.0,0.0,99.9,0.0,19.8,15.3,892.6,68.36,15380.0,0.0
24540,0.0,0.0,0.0,0.0,99.9,0.0,19.8,15.8,892.6,68.36,15380.0,0.0
24600,0.0,0.0,0.0,0.0,99.9,0.0,19.8,16.5,892.6,68.36,15380.0,0.0
24660,0.0,0.0,0.0,0.0,99.9,0.0,19.7,16.8,892.7,68.36,15380.0,0.0
24720,0.0,0.0,0.0,0.0,99.9,0.0,19.7,18.2,892.7,68.36,15380.0,0.0
24780,0.0,0.0,0.0,0.0,99.9,0.0,19.6,17.3,892.7,68.36,15380.0,0.0
24840,0.0,0.0,0.0,0.0,99.9,0.0,19.6,18.0,892.7,68.36,15380.0,0.0
24900,0.0,0.0,0.0,0.0,99.9,0.0,19.6,18.6,892.7,68.36,15380.0,0.0
24960,0.0,0.0,0.0,0.0,99.9,0.0,19.5,19.4,892.8,68.36,15380.0,0.0
25020,0.0,0.0,0.0,0.0,99.9,0.0,19.4,19.0,892.8,68.36,15380.0,0.0
25080,0.0,0.0,0.0,0.0,99.9,0.0,19.3,19.9,892.8,68.36,15380.0,0.0
25140,0.0,0.0,0.0,0.0,99.9,0.0,19.2,19.4,892.8,68.36,15380.0,0.0
25200,0.0,0.0,0.0,0.0,99.9,0.0,19.2,16.7,892.8,68.36,15380.0,0.0
25260,0.0,0.0,0.0,0.0,99.9,0.0,19.1,17.3,892.8,68.36,15380.0,0.0
25320,0.0,0.0,0.0,0.0,99.9,0.0,19.0,17.5,892.8,68.36,15380.0,0.0
25380,0.0,0.0,0.0,0.0,99.9,0.0,18.9,18.1,892.9,68.36,15380.0,0.0
25440,0.0,0.0,0.0,0.0,99.9,0.0,18.8,19.0,892.9,68.36,15380.0,0.0
25500,0.0,0.0,0.0,0.0,99.9,0.0,18.8,18.0,892.9,68.36,15380.0,0.0
25560,0.0,0.0,0.0,0.0,99.9,0.0,18.8,17.8,892.9,68.36,15380.0,0.0
25620,0.0,0.0,0.0,0.0,99.9,0.0,18.8,17.3,893.0,68.36,15380.0,0.0
25680,0.0,0.0,0.0,0.0,99.9,0.0,18.8,18.8,893.0,68.36,15380.0,0.0
25740,0.0,0.0,0.0,0.0,99.9,0.0,18.7,18.6,893.1,68.36,15380.0,0.0
25800,0.0,0.0,0.0,0.0,99.9,0.0,18.7,14.8,893.1,68.36,15380.0,0.0
25860,0.0,0.0,0.0,0.0,99.9,0.0,18.6,11.6,893.1,68.36,15380.0,0.0
25920,0.0,0.0,0.0,0.0,99.9,0.0,18.5,11.7,893.2,68.36,15380.0,0.0
25980,0.0,0.0,0.0,0.0,99.9,0.0,18.4,11.3,893.1,68.36,15380.0,0.0
26040,0.0,0.0,0.0,0.0,99.9,0.0,18.3,11.9,893.1,68.36,15380.0,0.0
26100,0.0,0.0,0.0,0.0,99.9,0.0,18.3,13.6,893.1,68.36,15380.0,0.0
26160,0.0,0.0,0.0,0.0,99.9,0.0,18.4,16.4,893.1,68.36,15380.0,0.0
26220,0.0,0.0,0.0,0.0,99.9,0.0,18.4,16.2,893.1,68.36,15380.0,0.0
26280,0.0,0.0,0.0,0.0,99.9,0.0,18.5,18.7,893.2,68.36,15380.0,0.0
26340,0.0,0.0,0.0,0.0,99.9,0.0,18.5,19.5,893.2,68.36,15380.0,0.0
26400,0.0,0.0,0.0,0.0,99.9,0.0,18.5,19.3,893.2,68.36,15380.0,0.0
26460,0.0,0.0,0.0,0.0,99.9,0.0,18.6,19.1,893.2,68.36,15380.0,0.0
26520,0.0,0.0,0.0,0.0,99.9,0.0,18.6,18.2,893.2,68.36,15380.0,0.0
26580,0.0,0.0,0.0,0.0,99.9,0.0,18.6,16.6,893.3,68.36,15380.0,0.0
26640,0.0,0.0,0.0,0.0,99.9,0.0,18.5,11.7,893.3,68.36,15380.0,0.0
26700,0.0,0.0,0.0,0.0,99.9,0.0,18.5,11.7,893.3,68.36,15380.0,0.0
26760,0.0,0.0,0.0,0.0,99.9,0.0,18.4,11.7,893.3,68.36,15380.0,0.0
26820,0.0,0.0,0.0,0.0,99.9,0.0,18.3,11.7,893.3,68.36,15380.0,0.0
26880,0.0,0.0,0.0,0.0,99.9,0.0,18.3,11.6,893.3,68.36,15380.0,0.0
26940,0.0,0.0,0.0,0.0,99.9,0.0,18.3,11.5,893.3,68.36,15380.0,0.0
27000,0.0,0.0,0.0,0.0,99.9,0.0,18.3,11.0,893.3,68.36,15380.0,0.0
27060,0.0,0.0,0.0,0.0,99.9,0.0,18.3,11.5,893.3,68.36,15380.0,0.0
27120,0.0,0.0,0.0,0.0,99.9,0.0,18.3,15.9,893.3,68.36,15380.0,0.0
27180,0.0,0.0,0.0,0.0,99.9,0.0,18.4,18.9,893.3,68.36,15380.0,0.0
27240,0.0,0.0,0.0,0.0,99.9,0.0,18.5,16.1,893.3,68.36,15380.0,0.0
27300,0.0,0.0,0.0,0.0,99.9,0.0,18.6,19.2,893.3,68.36,15380.0,0.0
27360,0.0,0.0,0.0,0.0,99.9,0.0,18.7,20.4,893.3,68.36,15380.0,0.0
27420,0.0,0.0,0.0,0.0,99.9,0.0,18.8,20.5,893.3,68.36,15380.0,0.0
27480,0.0,0.0,0.0,0.0,99.9,0.0,18.9,20.4,893.3,68.36,15380.0,0.0
27540,0.0,0.0,0.0,0.0,99.9,0.0,19.0,19.7,893.3,68.36,15380.0,0.0
27600,0.0,0.0,0.0,0.0,99.9,0.0,19.1,18.7,893.3,68.36,15380.0,0.0
27660,0.0,0.0,0.0,0.0,99.9,0.0,19.2,18.6,893.3,68.36,15380.0,0.0
27720,0.0,0.0,0.0,0.0,99.9,0.0,19.2,18.6,893.3,68.36,15380.0,0.0
27780,0.0,0.0,0.0,0.0,99.9,0.0,19.3,18.4,893.3,68.36,15380.0,0.0
27840,0.0,0.0,0.0,0.0,99.9,0.0,19.3,18.1,893.3,68.36,15380.0,0.0
27900,0.0,0.0,0.0,0.0,99.9,0.0,19.3,18.7,893.3,68.36,15380.0,0.0
27960,0.0,0.0,0.0,0.0,99.9,0.0,19.3,19.5,893.3,68.36,15380.0,0.0
28020,0.0,0.0,0.0,0.0,99.9,0.0,19.2,19.5,893.3,68.36,15380.0,0.0
28080,0.0,0.0,0.0,0.0,99.9,0.0,19.2,19.8,893.3,68.36,15380.0,0.0
28140,0.0,0.0,0.0,0.0,99.9,0.0,19.2,20.0,893.3,68.36,15380.0,0.0
28200,0.0,0.0,0.0,0.0,99.9,0.0,19.2,20.0,893.3,68.36,15380.0,0.0
28260,0.0,0.0,0.0,0.0,99.9,0.0,19.2,20.0,893.3,68.36,15380.0,0.0
28320,0.0,0.0,0.0,0.0,99.9,0.0,19.2,20.2,893.3,68.36,15380.0,0.0
28380,0.0,0.0,0.0,0.0,99.9,0.0,19.1,19.8,893.3,68.36,15380.0,0.0
28440,0.0,0.0,0.0,0.0,99.9,0.0,19.2,19.1,893.4,68.36,15380.0,0.0
28500,0.0,0.0,0.0,0.0,99.9,0.0,19.2,18.7,893.4,68.36,15380.0,0.0
28560,0.0,0.0,0.0,0.0,99.9,0.0,19.2,18.3,893.4,68.36,15380.0,0.0
28620,0.0,0.0,0.0,0.0,99.9,0.0,19.3,18.2,893.4,68.36,15380.0,0.0
28680,0.0,0.0,0.0,0.0,99.9,0.0,19.3,18.5,893.4,68.36,15380.0,0.0
28740,0.0,0.0,0.0,0.0,99.9,0.0,19.3,18.8,893.4,68.36,15380.0,0.0
28800,0.0,0.0,0.0,0.0,99.9,0.0,19.3,18.8,893.4,68.36,15380.0,0.0
28860,0.0,0.0,0.0,0.0,99.9,0.0,19.3,19.1,893.4,68.36,15380.0,0.0
28920,0.0,0.0,0.0,0.0,99.9,0.0,19.3,19.2,893.5,68.36,15380.0,0.0
28980,0.0,0.0,0.0,0.0,99.9,0.0,19.2,18.3,893.5,68.36,15380.0,0.0
29040,0.0,0.0,0.0,0.0,99.9,0.0,19.2,19.4,893.5,68.36,15380.0,0.0
29100,0.0,0.0,0.0,0.0,99.9,0.0,19.2,19.2,893.5,68.36,15380.0,0.0
29160,0.0,0.0,0.0,0.0,99.9,0.0,19.2,18.6,893.5,68.36,15380.0,0.0
29220,0.0,0.0,0.0,0.0,99.9,0.0,19.3,16.7,893.5,68.36,15380.0,0.0
29280,0.0,0.0,0.0,0.0,99.9,0.0,19.3,14.3,893.5,68.36,15380.0,0.0
29340,0.0,0.0,0.0,0.0,99.9,0.0,19.4,13.3,893.5,68.36,15380.0,0.0
29400,0.0,0.0,0.0,0.0,99.9,0.0,19.5,13.9,893.5,68.36,15380.0,0.0
29460,0.0,0.0,0.0,0.0,99.9,0.0,19.6,14.1,893.5,68.36,15380.0,0.0
29520,0.0,0.0,0.0,0.0,99.9,0.0,19.7,14.4,893.5,68.36,15380.0,0.0
29580,0.0,0.0,0.0,0.0,99.9,0.0,19.8,14.0,893.5,68.36,15380.0,0.0
29640,0.0,0.0,0.0,0.0,99.9,0.0,19.8,13.5,893.6,68.36,15380.0,0.0
29700,0.0,0.0,0.0,0.0,99.9,0.0,19.8,13.5,893.6,68.36,15380.0,0.0
29760,0.0,0.0,0.0,0.0,99.9,0.0,19.8,14.9,893.6,68.36,15380.0,0.0
29820,0.0,0.0,0.0,0.0,99.9,0.0,19.7,16.3,893.6,68.36,15380.0,0.0
29880,0.0,0.0,0.0,0.0,99.9,0.0,19.6,18.0,893.7,68.36,15380.0,0.0
29940,0.0,0.0,0.0,0.0,99.9,0.0,19.5,19.6,893.7,68.36,15380.0,0.0
30000,0.0,0.0,0.0,0.0,99.9,0.0,19.4,19.0,893.7,68.36,15380.0,0.0
30060,0.0,0.0,0.0,0.0,99.9,0.0,19.3,18.0,893.8,68.36,15380.0,0.0
30120,0.0,0.0,0.0,0.0,99.9,0.0,19.2,17.7,893.8,68.36,15380.0,0.0
30180,0.0,0.0,0.0,0.0,99.9,0.0,19.1,19.3,893.7,68.36,15380.0,0.0
30240,0.0,0.0,0.0,0.0,99.9,0.0,19.1,18.4,893.7,68.36,15380.0,0.0
30300,0.0,0.0,0.0,0.0,99.9,0.0,19.1,18.1,893.7,68.36,15380.0,0.0
30360,0.0,0.0,0.0,0.0,99.9,0.0,19.2,15.1,893.7,68.36,15380.0,0.0
30420,0.0,0.0,0.0,0.0,99.9,0.0,19.3,13.4,893.8,68.36,15380.0,0.0
30480,0.0,0.0,0.0,0.0,99.9,0.0,19.4,13.7,893.8,68.36,15380.0,0.0
30540,0.0,0.0,0.0,0.0,99.9,0.0,19.5,15.0,893.8,68.36,15380.0,0.0
30600,0.0,0.0,0.0,0.0,99.9,0.0,19.6,17.2,893.8,68.36,15380.0,0.0
30660,0.0,0.0,0.0,0.0,99.9,0.0,19.5,17.6,893.8,68.36,15380.0,0.0
30720,0.0,0.0,0.0,0.0,99.9,0.0,19.4,18.4,893.8,68.36,15380.0,0.0
30780,0.0,0.0,0.0,0.0,99.9,0.0,19.4,18.7,893.8,68.36,15380.0,0.0
30840,0.0,0.0,0.0,0.0,99.9,0.0,19.3,19.5,893.8,68.36,15380.0,0.0
30900,0.0,0.0,0.0,0.0,99.9,0.0,19.3,18.5,893.8,68.36,15380.0,0.0
30960,0.0,0.0,0.0,0.0,99.9,0.0,19.3,13.5,893.8,68.36,15380.0,0.0
31020,0.0,0.0,0.0,0.0,99.9,0.0,19.4,14.1,893.8,68.36,15380.0,0.0
31080,0.0,0.0,0.0,0.0,99.9,0.0,19.5,13.5,893.8,68.36,15380.0,0.0
31140,0.0,0.0,0.0,0.0,99.9,0.0,19.6,12.9,893.8,68.36,15380.0,0.0
31200,0.0,0.0,0.0,0.0,99.9,0.0,19.7,14.5,893.8,68.36,15380.0,0.0
31260,0.0,0.0,0.0,0.0,99.9,0.0,19.7,16.1,893.8,68.36,15380.0,0.0
31320,0.0,0.0,0.0,0.0,99.9,0.0,19.7,16.0,893.8,68.36,15380.0,0.0
31380,0.0,0.0,0.0,0.0,99.9,0.0,19.7,14.6,893.8,68.36,15380.0,0.0
31440,0.0,0.0,0.0,0.0,99.9,0.0,19.8,16.6,893.8,68.36,15380.0,0.0
31500,0.0,0.0,0.0,0.0,99.9,0.0,19.8,17.3,893.8,68.36,15380.0,0.0
31560,0.0,0.0,0.0,0.0,99.9,0.0,19.8,15.3,893.8,68.36,15380.0,0.0
31620,0.0,0.0,0.0,0.0,99.9,0.0,19.8,13.4,893.8,68.36,15380.0,0.0
31680,0.0,0.0,0.0,0.0,99.9,0.0,19.8,14.1,893.8,68.36,15380.0,0.0
31740,0.0,0.0,0.0,0.0,99.9,0.0,19.8,14.8,893.8,68.36,15380.0,0.0
31800,0.0,0.0,0.0,0.0,99.9,0.0,19.8,14.7,893.8,68.36,15380.0,0.0
31860,0.0,0.0,0.0,0.0,99.9,0.0,19.7,14.3,893.9,68.36,15380.0,0.0
31920,0.0,0.0,0.0,0.0,99.9,0.0,19.7,15.1,893.8,68.36,15380.0,0.0
31980,0.0,0.0,0.0,0.0,99.9,0.0,19.7,12.9,893.9,68.36,15380.0,0.0
32040,0.0,0.0,0.0,0.0,99.9,0.0,19.7,15.5,893.9,68.36,15380.0,0.0
32100,0.0,0.0,0.0,0.0,99.9,0.0,19.7,17.1,893.9,68.36,15380.0,0.0
32160,0.0,0.0,0.0,0.0,99.9,0.0,19.7,17.1,893.9,68.36,15380.0,0.0
32220,0.0,0.0,0.0,0.0,99.9,0.0,19.7,18.3,893.9,68.36,15380.0,0.0
32280,0.0,0.0,0.0,0.0,99.9,0.0,19.7,17.0,893.9,68.36,15380.0,0.0
32340,0.0,0.0,0.0,0.0,99.9,0.0,19.7,17.1,893.9,68.36,15380.0,0.0
32400,0.0,0.0,0.0,0.0,99.9,0.0,19.7,17.6,893.9,68.36,15380.0,0.0
32460,0.0,0.0,0.0,0.0,99.9,0.0,19.7,18.5,893.9,68.36,15380.0,0.0
32520,0.0,0.0,0.0,0.0,99.9,0.0,19.7,17.8,893.9,68.36,15380.0,0.0
32580,0.0,0.0,0.0,0.0,99.9,0.0,19.7,14.8,893.9,68.36,15380.0,0.0
32640,0.0,0.0,0.0,0.0,99.9,0.0,19.6,15.4,893.9,68.36,15380.0,0.0
32700,0.0,0.0,0.0,0.0,99.9,0.0,19.6,17.0,893.9,68.36,15380.0,0.0
32760,0.0,0.0,0.0,0.0,99.9,0.0,19.5,18.8,893.9,68.36,15380.0,0.0
32820,0.0,0.0,0.0,0.0,99.9,0.0,19.4,16.7,893.9,68.36,15380.0,0.0
32880,0.0,0.0,0.0,0.0,99.9,0.0,19.4,15.7,894.0,68.36,15380.0,0.0
32940,0.0,0.0,0.0,0.0,99.9,0.0,19.4,17.9,893.9,68.36,15380.0,0.0
33000,0.0,0.0,0.0,0.0,99.9,0.0,19.4,17.2,894.0,68.36,15380.0,0.0
33060,0.0,0.0,0.0,0.0,99.9,0.0,19.5,17.6,894.0,68.36,15380.0,0.0
33120,0.0,0.0,0.0,0.0,99.9,0.0,19.5,17.8,894.0,68.36,15380.0,0.0
33180,0.0,0.0,0.0,0.0,99.9,0.0,19.5,17.4,894.0,68.36,15380.0,0.0
33240,0.0,0.0,0.0,0.0,99.9,0.0,19.6,17.2,894.0,68.36,15380.0,0.0
33300,0.0,0.0,0.0,0.0,99.9,0.0,19.6,17.0,894.0,68.36,15380.0,0.0
33360,0.0,0.0,0.0,0.0,99.9,0.0,19.6,17.3,894.0,68.36,15380.0,0.0
33420,0.0,0.0,0.0,0.0,99.9,0.0,19.6,17.2,894.0,68.36,15380.0,0.0
33480,0.0,0.0,0.0,0.0,99.9,0.0,19.6,17.5,894.0,68.36,15380.0,0.0
33540,0.0,0.0,0.0,0.0,99.9,0.0,19.6,17.1,894.0,68.36,15380.0,0.0
33600,0.0,0.0,0.0,0.0,99.9,0.0,19.6,17.2,894.0,68.36,15380.0,0.0
33660,0.0,0.0,0.0,0.0,99.9,0.0,19.6,17.3,894.0,68.36,15380.0,0.0
33720,0.0,0.0,0.0,0.0,99.9,0.0,19.6,16.5,894.0,68.36,15380.0,0.0
33780,0.0,0.0,0.0,0.0,99.9,0.0,19.6,16.9,894.0,68.36,15380.0,0.0
33840,0.0,0.0,0.0,0.0,99.9,0.0,19.6,16.7,894.0,68.36,15380.0,0.0
33900,0.0,0.0,0.0,0.0,99.9,0.0,19.6,15.7,894.0,68.36,15380.0,0.0
33960,0.0,0.0,0.0,0.0,99.9,0.0,19.6,16.0,894.0,68.36,15380.0,0.0
34020,0.0,0.0,0.0,0.0,99.9,0.0,19.6,15.4,894.1,68.36,15380.0,0.0
34080,0.0,0.0,0.0,0.0,99.9,0.0,19.7,16.0,894.1,68.36,15380.0,0.0
34140,0.0,0.0,0.0,0.0,99.9,0.0,19.7,16.0,894.1,68.36,15380.0,0.0
34200,0.0,0.0,0.0,0.0,99.9,0.0,19.7,17.7,894.1,68.36,15380.0,0.0
34260,0.0,0.0,0.0,0.0,99.9,0.0,19.7,17.9,894.1,68.36,15380.0,0.0
34320,0.0,0.0,0.0,0.0,99.9,0.0,19.7,17.6,894.1,68.36,15380.0,0.0
34380,0.0,0.0,0.0,0.0,99.9,0.0,19.6,18.1,894.2,68.36,15380.0,0.0
34440,0.0,0.0,0.0,0.0,99.9,0.0,19.6,17.0,894.1,68.36,15380.0,0.0
34500,0.0,0.0,0.0,0.0,99.9,0.0,19.6,16.9,894.2,68.36,15380.0,0.0
34560,0.0,0.0,0.0,0.0,99.9,0.0,19.7,18.6,894.2,68.36,15380.0,0.0
34620,0.0,0.0,0.0,0.0,99.9,0.0,19.7,16.5,894.2,68.36,15380.0,0.0
34680,0.0,0.0,0.0,0.0,99.9,0.0,19.7,18.1,894.2,68.36,15380.0,0.0
34740,0.0,0.0,0.0,0.0,99.9,0.0,19.7,16.9,894.2,68.36,15380.0,0.0
34800,0.0,0.0,0.0,0.0,99.9,0.0,19.7,16.8,894.2,68.36,15380.0,0.0
34860,0.0,0.0,0.0,0.0,99.9,0.0,19.7,16.9,894.2,68.36,15380.0,0.0
34920,0.0,0.0,0.0,0.0,99.9,0.0,19.7,16.7,894.1,68.36,15380.0,0.0
34980,0.0,0.0,0.0,0.0,99.9,0.0,19.7,15.1,894.2,68.36,15380.0,0.0
35040,0.0,0.0,0.0,0.0,99.9,0.0,19.7,15.7,894.2,68.36,15380.0,0.0
35100,0.0,0.0,0.0,0.0,99.9,0.0,19.7,15.7,894.2,68.36,15380.0,0.0
35160,0.0,0.0,0.0,0.0,99.9,0.0,19.7,14.1,894.2,68.36,15380.0,0.0
35220,0.0,0.0,0.0,0.0,99.9,0.0,19.7,15.6,894.2,68.36,15380.0,0.0
35280,0.0,0.0,0.0,0.0,99.9,0.0,19.7,17.9,894.2,68.36,15380.0,0.0
35340,0.0,0.0,0.0,0.0,99.9,0.0,19.8,11.3,894.2,68.36,15380.0,0.0
35400,0.0,0.0,0.0,0.0,99.9,0.0,19.8,14.6,894.2,68.36,15380.0,0.0
35460,0.0,0.0,0.0,0.0,99.9,0.0,19.8,14.2,894.2,68.36,15380.0,0.0
35520,0.0,0.0,0.0,0.0,99.9,0.0,19.8,17.9,894.3,68.36,15380.0,0.0
35580,0.0,0.0,0.0,0.0,99.9,0.0,19.8,16.2,894.3,68.36,15380.0,0.0
35640,0.0,0.0,0.0,0.0,99.9,0.0,19.8,15.0,894.3,68.36,15380.0,0.0
35700,0.0,0.0,0.0,0.0,99.9,0.0,19.8,19.1,894.3,68.36,15380.0,0.0
35760,0.0,0.0,0.0,0.0,99.9,0.0,19.8,16.3,894.3,68.36,15380.0,0.0
35820,0.0,0.0,0.0,0.0,99.9,0.0,19.8,16.8,894.3,68.36,15380.0,0.0
35880,0.0,0.0,0.0,0.0,99.9,0.0,19.8,16.4,894.3,68.36,15380.0,0.0
35940,0.0,0.0,0.0,0.0,99.9,0.0,19.8,18.4,894.3,68.36,15380.0,0.0
36000,0.0,0.0,0.0,0.0,99.9,0.0,19.8,18.8,894.3,68.36,15380.0,0.0
36060,0.0,0.0,0.0,0.0,99.9,0.0,19.8,18.8,894.3,68.36,15380.0,0.0
36120,0.0,0.0,0.0,0.0,99.9,0.0,19.8,17.2,894.3,68.36,15380.0,0.0
36180,0.0,0.0,0.0,0.0,99.9,0.0,19.8,15.6,894.3,68.36,15380.0,0.0
36240,0.0,0.0,0.0,0.0,99.9,0.0,19.7,16.8,894.3,68.36,15380.0,0.0
36300,0.0,0.0,0.0,0.0,99.9,0.0,19.7,16.5,894.3,68.36,15380.0,0.0
36360,0.0,0.0,0.0,0.0,99.9,0.0,19.7,16.2,894.3,68.36,15380.0,0.0
36420,0.0,0.0,0.0,0.0,99.9,0.0,19.6,17.3,894.3,68.36,15380.0,0.0
36480,0.0,0.0,0.0,0.0,99.9,0.0,19.6,18.0,894.3,68.36,15380.0,0.0
36540,0.0,0.0,0.0,0.0,99.9,0.0,19.6,17.6,894.3,68.36,15380.0,0.0
36600,0.0,0.0,0.0,0.0,99.9,0.0,19.6,17.0,894.3,68.36,15380.0,0.0
36660,0.0,0.0,0.0,0.0,99.9,0.0,19.6,18.6,894.3,68.36,15380.0,0.0
36720,0.0,0.0,0.0,0.0,99.9,0.0,19.6,16.4,894.3,68.36,15380.0,0.0
36780,0.0,0.0,0.0,0.0,99.9,0.0,19.6,16.8,894.3,68.36,15380.0,0.0
36840,0.0,0.0,0.0,0.0,99.9,0.0,19.6,18.5,894.3,68.36,15380.0,0.0
36900,0.0,0.0,0.0,0.0,99.9,0.0,19.6,17.9,894.4,68.36,15380.0,0.0
36960,0.0,0.0,0.0,0.0,99.9,0.0,19.6,17.3,894.4,68.36,15380.0,0.0
37020,0.0,0.0,0.0,0.0,99.9,0.0,19.6,18.4,894.4,68.36,15380.0,0.0
37080,0.0,0.0,0.0,0.0,99.9,0.0,19.7,18.8,894.4,68.36,15380.0,0.0
37140,0.0,0.0,0.0,0.0,99.9,0.0,19.6,18.4,894.4,68.36,15380.0,0.0
37200,0.0,0.0,0.0,0.0,99.9,0.0,19.6,16.6,894.4,68.36,15380.0,0.0
37260,0.0,0.0,0.0,0.0,99.9,0.0,19.6,17.3,894.4,68.36,15380.0,0.0
37320,0.0,0.0,0.0,0.0,99.9,0.0,19.7,18.5,894.4,68.36,15380.0,0.0
37380,0.0,0.0,0.0,0.0,99.9,0.0,19.7,18.9,894.4,68.36,15380.0,0.0
37440,0.0,0.0,0.0,0.0,99.9,0.0,19.7,17.9,894.4,68.36,15380.0,0.0
37500,0.0,0.0,0.0,0.0,99.9,0.0,19.7,17.4,894.5,68.36,15380.0,0.0
37560,0.0,0.0,0.0,0.0,99.9,0.0,19.7,16.4,894.5,68.36,15380.0,0.0
37620,0.0,0.0,0.0,0.0,99.9,0.0,19.7,17.8,894.5,68.36,15380.0,0.0
37680,0.0,0.0,0.0,0.0,99.9,0.0,19.7,17.9,894.5,68.36,15380.0,0.0
37740,0.0,0.0,0.0,0.0,99.9,0.0,19.7,16.5,894.5,68.36,15380.0,0.0
37800,0.0,0.0,0.0,0.0,99.9,0.0,19.7,17.2,894.5,68.36,15380.0,0.0
37860,0.0,0.0,0.0,0.0,99.9,0.0,19.7,19.6,894.5,68.36,15380.0,0.0
37920,0.0,0.0,0.0,0.0,99.9,0.0,19.7,19.5,894.5,68.36,15380.0,0.0
37980,0.0,0.0,0.0,0.0,99.9,0.0,19.7,19.2,894.5,68.36,15380.0,0.0
38040,0.0,0.0,0.0,0.0,99.9,0.0,19.7,17.8,894.5,68.36,15380.0,0.0
38100,0.0,0.0,0.0,0.0,99.9,0.0,19.7,19.1,894.5,68.36,15380.0,0.0
38160,0.0,0.0,0.0,0.0,99.9,0.0,19.8,16.8,894.5,68.36,15380.0,0.0
38220,0.0,0.0,0.0,0.0,99.9,0.0,19.8,19.0,894.5,68.36,15380.0,0.0
38280,0.0,0.0,0.0,0.0,99.9,0.0,19.8,18.2,894.5,68.36,15380.0,0.0
38340,0.0,0.0,0.0,0.0,99.9,0.0,19.8,17.4,894.5,68.36,15380.0,0.0
38400,0.0,0.0,0.0,0.0,99.9,0.0,19.8,19.1,894.5,68.36,15380.0,0.0
38460,0.0,0.0,0.0,0.0,99.9,0.0,19.8,18.7,894.5,68.36,15380.0,0.0
38520,0.0,0.0,0.0,0.0,99.9,0.0,19.8,18.4,894.6,68.36,15380.0,0.0
38580,0.0,0.0,0.0,0.0,99.9,0.0,19.8,20.5,894.6,68.36,15380.0,0.0
38640,0.0,0.0,0.0,0.0,99.9,0.0,19.9,19.1,894.6,68.36,15380.0,0.0
38700,0.0,0.0,0.0,0.0,99.9,0.0,19.9,19.2,894.6,68.36,15380.0,0.0
38760,0.0,0.0,0.0,0.0,99.9,0.0,19.9,19.6,894.6,68.36,15380.0,0.0
38820,0.0,0.0,0.0,0.0,99.9,0.0,19.8,19.3,894.6,68.36,15380.0,0.0
38880,0.0,0.0,0.0,0.0,99.9,0.0,19.8,20.5,894.6,68.36,15380.0,0.0
38940,0.0,0.0,0.0,0.0,99.9,0.0,19.8,20.3,894.6,68.36,15380.0,0.0
39000,0.0,0.0,0.0,0.0,99.9,0.0,19.8,19.6,894.6,68.36,15380.0,0.0
39060,0.0,0.0,0.0,0.0,99.9,0.0,19.7,19.4,894.6,68.36,15380.0,0.0
39120,0.0,0.0,0.0,0.0,99.9,0.0,19.7,19.4,894.6,68.36,15380.0,0.0
39180,0.0,0.0,0.0,0.0,99.9,0.0,19.8,19.4,894.6,68.36,15380.0,0.0
39240,0.0,0.0,0.0,0.0,99.9,0.0,19.8,18.0,894.6,68.36,15380.0,0.0
39300,0.0,0.0,0.0,0.0,99.9,0.0,19.7,17.4,894.6,68.36,15380.0,0.0
39360,0.0,0.0,0.0,0.0,99.9,0.0,19.7,19.6,894.6,68.36,15380.0,0.0
39420,0.0,0.0,0.0,0.0,99.9,0.0,19.7,22.1,894.6,68.36,15380.0,0.0
39480,0.0,0.0,0.0,0.0,99.9,0.0,19.8,22.0,894.6,68.36,15380.0,0.0
39540,0.0,0.0,0.0,0.0,99.9,0.0,19.8,21.8,894.7,68.36,15380.0,0.0
39600,0.0,0.0,0.0,0.0,99.9,0.0,19.8,21.6,894.7,68.36,15380.0,0.0
39660,0.0,0.0,0.0,0.0,99.9,0.0,19.8,21.3,894.7,68.36,15380.0,0.0
39720,0.0,0.0,0.0,0.0,99.9,0.0,19.7,20.1,894.7,68.36,15380.0,0.0
39780,0.0,0.0,0.0,0.0,99.9,0.0,19.6,18.4,894.7,68.36,15380.0,0.0
39840,0.0,0.0,0.0,0.0,99.9,0.0,19.6,20.1,894.7,68.36,15380.0,0.0
39900,0.0,0.0,0.0,0.0,99.9,0.0,19.6,21.2,894.7,68.36,15380.0,0.0
39960,0.0,0.0,0.0,0.0,99.9,0.0,19.6,21.8,894.7,68.36,15380.0,0.0
40020,0.0,0.0,0.0,0.0,99.9,0.0,19.7,21.9,894.7,68.36,15380.0,0.0
40080,0.0,0.0,0.0,0.0,99.9,0.0,19.7,23.9,894.7,68.36,15380.0,0.0
40140,0.0,0.0,0.0,0.0,99.9,0.0,19.7,25.1,894.7,68.36,15380.0,0.0
40200,0.0,0.0,0.0,0.0,99.9,0.0,19.7,18.2,894.7,68.36,15380.0,0.0
40260,0.0,0.0,0.0,0.0,99.9,0.0,19.7,21.1,894.6,68.36,15380.0,0.0
40320,0.0,0.0,0.0,0.0,99.9,0.0,19.6,21.2,894.6,68.36,15380.0,0.0
40380,0.0,0.0,0.0,0.0,99.9,0.0,19.6,18.8,894.7,68.36,15380.0,0.0
40440,0.0,0.0,0.0,0.0,99.9,0.0,19.6,21.1,894.7,68.36,15380.0,0.0
40500,0.0,0.0,0.0,0.0,99.9,0.0,19.6,23.0,894.7,68.36,15380.0,0.0
40560,0.0,0.0,0.0,0.0,99.9,0.0,19.5,20.7,894.7,68.36,15380.0,0.0
40620,0.0,0.0,0.0,0.0,99.9,0.0,19.6,23.0,894.6,68.36,15380.0,0.0
40680,0.0,0.0,0.0,0.0,99.9,0.0,19.6,22.1,894.6,68.36,15380.0,0.0
40740,0.0,0.0,0.0,0.0,99.9,0.0,19.6,19.3,894.7,68.36,15380.0,0.0
40800,0.0,0.0,0.0,0.0,99.9,0.0,19.6,20.4,894.7,68.36,15380.0,0.0
40860,0.0,0.0,0.0,0.0,99.9,0.0,19.7,20.5,894.7,68.36,15380.0,0.0
40920,0.0,0.0,0.0,0.0,99.9,0.0,19.7,21.5,894.7,68.36,15380.0,0.0
40980,0.0,0.0,0.0,0.0,99.9,0.0,19.7,20.7,894.7,68.36,15380.0,0.0
41040,0.0,0.0,0.0,0.0,99.9,0.0,19.6,23.9,894.7,68.36,15380.0,0.0
41100,0.0,0.0,0.0,0.0,99.9,0.0,19.6,24.3,894.7,68.36,15380.0,0.0
41160,0.0,0.0,0.0,0.0,99.9,0.0,19.7,23.1,894.7,68.36,15380.0,0.0
41220,0.0,0.0,0.0,0.0,99.9,0.0,19.7,25.4,894.7,68.36,15380.0,0.0
41280,0.0,0.0,0.0,0.0,99.9,0.0,19.8,22.7,894.7,68.36,15380.0,0.0
41340,0.0,0.0,0.0,0.0,99.9,0.0,19.8,23.1,894.7,68.36,15380.0,0.0
41400,0.0,0.0,0.0,0.0,99.9,0.0,19.8,21.4,894.7,68.36,15380.0,0.0
41460,0.0,0.0,0.0,0.0,99.9,0.0,19.8,23.2,894.7,68.36,15380.0,0.0
41520,0.0,0.0,0.0,0.0,99.9,0.0,19.7,21.6,894.7,68.36,15380.0,0.0
41580,0.0,0.0,0.0,0.0,99.9,0.0,19.6,21.7,894.7,68.36,15380.0,0.0
41640,0.0,0.0,0.0,0.0,99.9,0.0,19.6,23.8,894.8,68.36,15380.0,0.0
41700,0.0,0.0,0.0,0.0,99.9,0.0,19.6,24.1,894.8,68.36,15380.0,0.0
41760,0.0,0.0,0.0,0.0,99.9,0.0,19.5,24.4,894.8,68.36,15380.0,0.0
41820,0.0,0.0,0.0,0.0,99.9,0.0,19.5,24.5,894.8,68.36,15380.0,0.0
41880,0.0,0.0,0.0,0.0,99.9,0.0,19.6,28.0,894.8,68.36,15380.0,0.0
41940,0.0,0.0,0.0,0.0,99.9,0.0,19.7,32.4,894.8,68.36,15380.0,0.0
42000,0.0,0.0,0.0,0.0,99.9,0.0,19.7,25.8,894.7,68.36,15380.0,0.0
42060,0.0,0.0,0.0,0.0,99.9,0.0,19.7,21.9,894.7,68.36,15380.0,0.0
42120,0.0,0.0,0.0,0.0,99.9,0.0,19.6,27.9,894.7,68.36,15380.0,0.0
42180,0.0,0.0,0.0,0.0,99.9,0.0,19.6,26.2,894.7,68.36,15380.0,0.0
42240,0.0,0.0,0.0,0.0,99.9,0.0,19.7,29.4,894.7,68.36,15380.0,0.0
42300,0.0,0.0,0.0,0.0,99.9,0.0,19.7,29.6,894.7,68.36,15380.0,0.0
42360,0.0,0.0,0.0,0.0,99.9,0.0,19.7,30.9,894.7,68.36,15380.0,0.0
42420,0.0,0.0,0.0,0.0,99.9,0.0,19.7,22.9,894.7,68.36,15380.0,0.0
42480,0.0,0.0,0.0,0.0,99.9,0.0,19.7,21.6,894.7,68.36,15380.0,0.0
42540,0.0,0.0,0.0,0.0,99.9,0.0,19.7,35.4,894.8,68.36,15380.0,0.0
42600,0.0,0.0,0.0,0.0,99.9,0.0,19.7,33.4,894.8,68.36,15380.0,0.0
42660,0.0,0.0,0.0,0.0,99.9,0.0,19.6,33.7,894.9,68.36,15380.0,0.0
42720,0.0,0.0,0.0,0.0,99.9,0.0,19.6,29.5,894.9,68.36,15380.0,0.0
42780,0.0,0.0,0.0,0.0,99.9,0.0,19.6,30.5,894.9,68.36,15380.0,0.0
42840,0.0,0.0,0.0,0.0,99.9,0.0,19.5,33.0,894.9,68.36,15380.0,0.0
42900,0.0,0.0,0.0,0.0,99.9,0.0,19.4,34.1,894.9,68.36,15380.0,0.0
42960,0.0,0.0,0.0,0.0,99.9,0.0,19.3,37.9,894.9,68.36,15380.0,0.0
43020,0.0,0.0,0.0,0.0,99.9,0.0,19.2,41.4,894.9,68.36,15380.0,0.0
43080,0.0,0.0,0.0,0.0,99.9,0.0,19.1,34.7,894.9,68.36,15380.0,0.0
43140,0.0,0.0,0.0,0.0,99.9,0.0,18.9,40.0,894.8,68.36,15380.0,0.0
43200,0.0,0.0,0.0,0.0,99.9,0.0,18.7,40.6,894.8,68.36,15380.0,0.0
43260,0.0,0.0,0.0,0.0,99.9,0.0,18.7,39.4,894.8,68.36,15380.0,0.0
43320,0.0,0.0,0.0,0.0,99.9,0.0,18.7,41.6,894.9,68.36,15380.0,0.0
43380,0.0,0.0,0.0,0.0,99.9,0.0,18.7,41.5,894.9,68.36,15380.0,0.0
43440,0.0,0.0,0.0,0.0,99.9,0.0,18.7,38.6,894.8,68.36,15380.0,0.0
43500,0.0,0.0,0.0,0.0,99.9,0.0,18.7,35.3,894.8,68.36,15380.0,0.0
43560,0.0,0.0,0.0,0.0,99.9,0.0,18.7,40.1,894.8,68.36,15380.0,0.0
43620,0.0,0.0,0.0,0.0,99.9,0.0,18.6,41.4,894.8,68.36,15380.0,0.0
43680,0.0,0.0,0.0,0.0,99.9,0.0,18.6,41.0,894.8,68.36,15380.0,0.0
43740,0.0,0.0,0.0,0.0,99.9,0.0,18.6,38.7,894.8,68.36,15380.0,0.0
43800,0.0,0.0,0.0,0.0,99.9,0.0,18.6,39.7,894.8,68.36,15380.0,0.0
43860,0.0,0.0,0.0,0.0,99.9,0.0,18.6,38.0,894.8,68.36,15380.0,0.0
43920,0.0,0.0,0.0,0.0,99.9,0.0,18.5,38.8,894.8,68.36,15380.0,0.0
43980,0.0,0.0,0.0,0.0,99.9,0.0,18.4,40.6,894.8,68.36,15380.0,0.0
44040,0.0,0.0,0.0,0.0,99.9,0.0,18.4,39.0,894.8,68.36,15380.0,0.0
44100,0.0,0.0,0.0,0.0,99.9,0.0,18.5,39.7,894.8,68.36,15380.0,0.0
44160,0.0,0.0,0.0,0.0,99.9,0.0,18.4,39.2,894.7,68.36,15380.0,0.0
44220,0.0,0.0,0.0,0.0,99.9,0.0,18.4,40.7,894.7,68.36,15380.0,0.0
44280,0.0,0.0,0.0,0.0,99.9,0.0,18.4,39.9,894.7,68.36,15380.0,0.0
44340,0.0,0.0,0.0,0.0,99.9,0.0,18.5,36.7,894.8,68.36,15380.0,0.0
44400,0.0,0.0,0.0,0.0,99.9,0.0,18.6,40.5,894.7,68.36,15380.0,0.0
44460,0.0,0.0,0.0,0.0,99.9,0.0,18.5,36.2,894.8,68.36,15380.0,0.0
44520,0.0,0.0,0.0,0.0,99.9,0.0,18.5,39.4,894.8,68.36,15380.0,0.0
44580,0.0,0.0,0.0,0.0,99.9,0.0,18.5,37.7,894.8,68.36,15380.0,0.0
44640,0.0,0.0,0.0,0.0,99.9,0.0,18.4,40.4,894.8,68.36,15380.0,0.0
44700,0.0,0.0,0.0,0.0,99.9,0.0,18.4,39.9,894.7,68.36,15380.0,0.0
44760,0.0,0.0,0.0,0.0,99.9,0.0,18.4,39.8,894.7,68.36,15380.0,0.0
44820,0.0,0.0,0.0,0.0,99.9,0.0,18.4,38.3,894.7,68.36,15380.0,0.0
44880,0.0,0.0,0.0,0.0,99.9,0.0,18.3,40.2,894.7,68.36,15380.0,0.0
44940,0.0,0.0,0.0,0.0,99.9,0.0,18.3,40.1,894.7,68.36,15380.0,0.0
45000,0.0,0.0,0.0,0.0,99.9,0.0,18.3,39.5,894.7,68.36,15380.0,0.0
45060,0.0,0.0,0.0,0.0,99.9,0.0,18.3,40.2,894.7,68.36,15380.0,0.0
45120,0.0,0.0,0.0,0.0,99.9,0.0,18.3,40.5,894.6,68.36,15380.0,0.0
45180,0.0,0.0,0.0,0.0,99.9,0.0,18.3,39.1,894.6,68.36,15380.0,0.0
45240,0.0,0.0,0.0,0.0,99.9,0.0,18.2,41.6,894.6,68.36,15380.0,0.0
45300,0.0,0.0,0.0,0.0,99.9,0.0,18.1,40.7,894.6,68.36,15380.0,0.0
45360,0.0,0.0,0.0,0.0,99.9,0.0,18.1,41.5,894.6,68.36,15380.0,0.0
45420,0.0,0.0,0.0,0.0,99.9,0.0,18.2,41.8,894.5,68.36,15380.0,0.0
45480,0.0,0.0,0.0,0.0,99.9,0.0,18.3,41.7,894.5,68.36,15380.0,0.0
45540,0.0,0.0,0.0,0.0,99.9,0.0,18.4,41.7,894.5,68.36,15380.0,0.0
45600,0.0,0.0,0.0,0.0,99.9,0.0,18.3,38.4,894.5,68.36,15380.0,0.0
45660,0.0,0.0,0.0,0.0,99.9,0.0,18.3,41.0,894.5,68.36,15380.0,0.0
45720,0.0,0.0,0.0,0.0,99.9,0.0,18.3,42.3,894.5,68.36,15380.0,0.0
45780,0.0,0.0,0.0,0.0,99.9,0.0,18.4,43.2,894.5,68.36,15380.0,0.0
45840,0.0,0.0,0.0,0.0,99.9,0.0,18.3,35.6,894.4,68.36,15380.0,0.0
45900,0.0,0.0,0.0,0.0,99.9,0.0,18.3,43.4,894.4,68.36,15380.0,0.0
45960,0.0,0.0,0.0,0.0,99.9,0.0,18.3,41.7,894.4,68.36,15380.0,0.0
46020,0.0,0.0,0.0,0.0,99.9,0.0,18.3,34.8,894.4,68.36,15380.0,0.0
46080,0.0,0.0,0.0,0.0,99.9,0.0,18.3,35.9,894.3,68.36,15380.0,0.0
46140,0.0,0.0,0.0,0.0,99.9,0.0,18.6,26.5,894.3,68.36,15380.0,0.0
46200,0.0,0.0,0.0,0.0,99.9,0.0,18.9,36.7,894.2,68.36,15380.0,0.0
46260,0.0,0.0,0.0,0.0,99.9,0.0,19.0,27.9,894.3,68.36,15380.0,0.0
46320,0.0,0.0,0.0,0.0,99.9,0.0,19.2,34.8,894.3,68.36,15380.0,0.0
46380,0.0,0.0,0.0,0.0,99.9,0.0,19.3,38.0,894.3,68.36,15380.0,0.0
46440,0.0,0.0,0.0,0.0,99.9,0.0,19.4,22.3,894.3,68.36,15380.0,0.0
46500,0.0,0.0,0.0,0.0,99.9,0.0,19.6,29.0,894.4,68.36,15380.0,0.0
46560,0.0,0.0,0.0,0.0,99.9,0.0,19.7,25.6,894.4,68.36,15380.0,0.0
46620,0.0,0.0,0.0,0.0,99.9,0.0,19.9,23.1,894.4,68.36,15380.0,0.0
46680,0.0,0.0,0.0,0.0,99.9,0.0,19.9,28.0,894.4,68.36,15380.0,0.0
46740,0.0,0.0,0.0,0.0,99.9,0.0,19.9,34.2,894.4,68.36,15380.0,0.0
46800,0.0,0.0,0.0,0.0,99.9,0.0,19.9,37.1,894.5,68.36,15380.0,0.0
46860,0.0,0.0,0.0,0.0,99.9,0.0,19.9,34.1,894.4,68.36,15380.0,0.0
46920,0.0,0.0,0.0,0.0,99.9,0.0,19.9,33.4,894.4,68.36,15380.0,0.0
46980,0.0,0.0,0.0,0.0,99.9,0.0,19.9,39.5,894.5,68.36,15380.0,0.0
47040,0.0,0.0,0.0,0.0,99.9,0.0,19.8,39.8,894.5,68.36,15380.0,0.0
47100,0.0,0.0,0.0,0.0,99.9,0.0,19.7,40.8,894.5,68.36,15380.0,0.0
47160,0.0,0.0,0.0,0.0,99.9,0.0,19.6,28.3,894.4,68.36,15380.0,0.0
47220,0.0,0.0,0.0,0.0,99.9,0.0,19.5,31.1,894.4,68.36,15380.0,0.0
47280,0.0,0.0,0.0,0.0,99.9,0.0,19.6,37.2,894.4,68.36,15380.0,0.0
47340,0.0,0.0,0.0,0.0,99.9,0.0,19.6,41.8,894.3,68.36,15380.0,0.0
47400,0.0,0.0,0.0,0.0,99.9,0.0,19.5,27.8,894.3,68.36,15380.0,0.0
47460,0.0,0.0,0.0,0.0,99.9,0.0,19.6,25.0,894.3,68.36,15380.0,0.0
47520,0.0,0.0,0.0,0.0,99.9,0.0,19.7,38.9,894.3,68.36,15380.0,0.0
47580,0.0,0.0,0.0,0.0,99.9,0.0,19.7,40.8,894.3,68.36,15380.0,0.0
47640,0.0,0.0,0.0,0.0,99.9,0.0,19.6,37.1,894.3,68.36,15380.0,0.0
47700,0.0,0.0,0.0,0.0,99.9,0.0,19.5,25.7,894.3,68.36,15380.0,0.0
47760,0.0,0.0,0.0,0.0,99.9,0.0,19.7,40.2,894.3,68.36,15380.0,0.0
47820,0.0,0.0,0.0,0.0,99.9,0.0,19.7,41.4,894.3,68.36,15380.0,0.0
47880,0.0,0.0,0.0,0.0,99.9,0.0,19.6,41.9,894.3,68.36,15380.0,0.0
47940,0.0,0.0,0.0,0.0,99.9,0.0,19.5,33.1,894.3,68.36,15380.0,0.0
48000,0.0,0.0,0.0,0.0,99.9,0.0,19.6,40.8,894.3,68.36,15380.0,0.0
48060,0.0,0.0,0.0,0.0,99.9,0.0,19.7,30.3,894.3,68.36,15380.0,0.0
48120,0.0,0.0,0.0,0.0,99.9,0.0,19.8,16.3,894.2,68.36,15380.0,0.0
48180,0.0,0.0,0.0,0.0,99.9,0.0,19.9,23.4,894.3,68.36,15380.0,0.0
48240,0.0,0.0,0.0,0.0,99.9,0.0,20.1,35.6,894.3,68.36,15380.0,0.0
48300,0.0,0.0,0.0,0.0,99.9,0.0,20.1,28.8,894.2,68.36,15380.0,0.0
48360,0.0,0.0,0.0,0.0,99.9,0.0,20.2,34.9,894.2,68.36,15380.0,0.0
48420,0.0,0.0,0.0,0.0,99.9,0.0,20.3,30.8,894.2,68.36,15380.0,0.0
48480,0.0,0.0,0.0,0.0,99.9,0.0,20.3,32.3,894.2,68.36,15380.0,0.0
48540,0.0,0.0,0.0,0.0,99.9,0.0,20.2,34.6,894.2,68.36,15380.0,0.0
48600,0.0,0.0,0.0,0.0,99.9,0.0,20.1,28.2,894.2,68.36,15380.0,0.0
48660,0.0,0.0,0.0,0.0,99.9,0.0,20.1,35.4,894.2,68.36,15380.0,0.0
48720,0.0,0.0,0.0,0.0,99.9,0.0,20.0,32.6,894.2,68.36,15380.0,0.0
48780,0.0,0.0,0.0,0.0,99.9,0.0,19.8,23.7,894.2,68.36,15380.0,0.0
48840,0.0,0.0,0.0,0.0,99.9,0.0,19.8,32.5,894.2,68.36,15380.0,0.0
48900,0.0,0.0,0.0,0.0,99.9,0.0,19.8,32.6,894.2,68.36,15380.0,0.0
48960,0.0,0.0,0.0,0.0,99.9,0.0,19.8,36.4,894.2,68.36,15380.0,0.0
49020,0.0,0.0,0.0,0.0,99.9,0.0,19.7,30.9,894.2,68.36,15380.0,0.0
49080,0.0,0.0,0.0,0.0,99.9,0.0,19.7,36.8,894.2,68.36,15380.0,0.0
49140,0.0,0.0,0.0,0.0,99.9,0.0,19.7,36.0,894.2,68.36,15380.0,0.0
49200,0.0,0.0,0.0,0.0,99.9,0.0,19.7,32.1,894.2,68.36,15380.0,0.0
49260,0.0,0.0,0.0,0.0,99.9,0.0,19.6,35.0,894.2,68.36,15380.0,0.0
49320,0.0,0.0,0.0,0.0,99.9,0.0,19.5,33.7,894.2,68.36,15380.0,0.0
49380,0.0,0.0,0.0,0.0,99.9,0.0,19.4,35.8,894.2,68.36,15380.0,0.0
49440,0.0,0.0,0.0,0.0,99.9,0.0,19.4,34.8,894.2,68.36,15380.0,0.0
49500,0.0,0.0,0.0,0.0,99.9,0.0,19.4,33.9,894.2,68.36,15380.0,0.0
49560,0.0,0.0,0.0,0.0,99.9,0.0,19.3,33.2,894.2,68.36,15380.0,0.0
49620,0.0,0.0,0.0,0.0,99.9,0.0,19.1,28.9,894.1,68.36,15380.0,0.0
49680,0.0,0.0,0.0,0.0,99.9,0.0,19.2,33.5,894.1,68.36,15380.0,0.0
49740,0.0,0.0,0.0,0.0,99.9,0.0,19.3,25.7,894.1,68.36,15380.0,0.0
49800,0.0,0.0,0.0,0.0,99.9,0.0,19.4,22.3,894.0,68.36,15380.0,0.0
49860,0.0,0.0,0.0,0.0,99.9,0.0,19.5,22.9,894.1,68.36,15380.0,0.0
49920,0.0,0.0,0.0,0.0,99.9,0.0,19.5,25.9,894.1,68.36,15380.0,0.0
49980,0.0,0.0,0.0,0.0,99.9,0.0,19.5,30.2,894.1,68.36,15380.0,0.0
50040,0.0,0.0,0.0,0.0,99.9,0.0,19.4,32.9,894.0,68.36,15380.0,0.0
50100,0.0,0.0,0.0,0.0,99.9,0.0,19.4,31.1,894.0,68.36,15380.0,0.0
50160,0.0,0.0,0.0,0.0,99.9,0.0,19.3,24.2,894.1,68.36,15380.0,0.0
50220,0.0,0.0,0.0,0.0,99.9,0.0,19.3,35.4,894.0,68.36,15380.0,0.0
50280,0.0,0.0,0.0,0.0,99.9,0.0,19.2,32.5,894.0,68.36,15380.0,0.0
50340,0.0,0.0,0.0,0.0,99.9,0.0,19.1,35.5,894.0,68.36,15380.0,0.0
50400,0.0,0.0,0.0,0.0,99.9,0.0,19.1,35.7,894.0,68.36,15380.0,0.0
50460,0.0,0.0,0.0,0.0,99.9,0.0,19.1,33.5,893.9,68.36,15380.0,0.0
50520,0.0,0.0,0.0,0.0,99.9,0.0,19.1,28.5,893.9,68.36,15380.0,0.0
50580,0.0,0.0,0.0,0.0,99.9,0.0,19.1,26.7,893.9,68.36,15380.0,0.0
50640,0.0,0.0,0.0,0.0,99.9,0.0,19.2,32.6,893.9,68.36,15380.0,0.0
50700,0.0,0.0,0.0,0.0,99.9,0.0,19.2,35.7,893.8,68.36,15380.0,0.0
50760,0.0,0.0,0.0,0.0,99.9,0.0,19.2,29.1,893.8,68.36,15380.0,0.0
50820,0.0,0.0,0.0,0.0,99.9,0.0,19.2,21.7,893.8,68.36,15380.0,0.0
50880,0.0,0.0,0.0,0.0,99.9,0.0,19.3,31.5,893.8,68.36,15380.0,0.0
50940,0.0,0.0,0.0,0.0,99.9,0.0,19.3,34.0,893.7,68.36,15380.0,0.0
51000,0.0,0.0,0.0,0.0,99.9,0.0,19.4,13.8,893.7,68.36,15380.0,0.0
51060,0.0,0.0,0.0,0.0,99.9,0.0,19.6,29.3,893.7,68.36,15380.0,0.0
51120,0.0,0.0,0.0,0.0,99.9,0.0,19.7,14.2,893.7,68.36,15380.0,0.0
51180,0.0,0.0,0.0,0.0,99.9,0.0,19.8,27.7,893.7,68.36,15380.0,0.0
51240,0.0,0.0,0.0,0.0,99.9,0.0,19.8,32.6,893.8,68.36,15380.0,0.0
51300,0.0,0.0,0.0,0.0,99.9,0.0,19.7,14.7,893.8,68.36,15380.0,0.0
51360,0.0,0.0,0.0,0.0,99.9,0.0,19.8,26.2,893.8,68.36,15380.0,0.0
51420,0.0,0.0,0.0,0.0,99.9,0.0,19.7,30.9,893.8,68.36,15380.0,0.0
51480,0.0,0.0,0.0,0.0,99.9,0.0,19.6,27.3,893.7,68.36,15380.0,0.0
51540,0.0,0.0,0.0,0.0,99.9,0.0,19.5,32.3,893.7,68.36,15380.0,0.0
51600,0.0,0.0,0.0,0.0,99.9,0.0,19.5,34.0,893.7,68.36,15380.0,0.0
51660,0.0,0.0,0.0,0.0,99.9,0.0,19.5,34.6,893.7,68.36,15380.0,0.0
51720,0.0,0.0,0.0,0.0,99.9,0.0,19.6,30.5,893.7,68.36,15380.0,0.0
51780,0.0,0.0,0.0,0.0,99.9,0.0,19.6,16.5,893.7,68.36,15380.0,0.0
51840,0.0,0.0,0.0,0.0,99.9,0.0,19.7,31.1,893.7,68.36,15380.0,0.0
51900,0.0,0.0,0.0,0.0,99.9,0.0,19.7,34.7,893.7,68.36,15380.0,0.0
51960,0.0,0.0,0.0,0.0,99.9,0.0,19.7,21.5,893.8,68.36,15380.0,0.0
52020,0.0,0.0,0.0,0.0,99.9,0.0,19.8,26.9,893.7,68.36,15380.0,0.0
52080,0.0,0.0,0.0,0.0,99.9,0.0,20.0,32.9,893.8,68.36,15380.0,0.0
52140,0.0,0.0,0.0,0.0,99.9,0.0,20.0,25.3,893.8,68.36,15380.0,0.0
52200,0.0,0.0,0.0,0.0,99.9,0.0,20.0,30.3,893.8,68.36,15380.0,0.0
52260,0.0,0.0,0.0,0.0,99.9,0.0,20.0,25.6,893.8,68.36,15380.0,0.0
52320,0.0,0.0,0.0,0.0,99.9,0.0,20.1,30.8,893.9,68.36,15380.0,0.0
52380,0.0,0.0,0.0,0.0,99.9,0.0,20.2,31.5,893.8,68.36,15380.0,0.0
52440,0.0,0.0,0.0,0.0,99.9,0.0,20.2,21.0,893.8,68.36,15380.0,0.0
52500,0.0,0.0,0.0,0.0,99.9,0.0,20.3,26.0,893.8,68.36,15380.0,0.0
52560,0.0,0.0,0.0,0.0,99.9,0.0,20.3,33.1,893.8,68.36,15380.0,0.0
52620,0.0,0.0,0.0,0.0,99.9,0.0,20.3,31.7,893.8,68.36,15380.0,0.0
52680,0.0,0.0,0.0,0.0,99.9,0.0,20.3,27.9,893.8,68.36,15380.0,0.0
52740,0.0,0.0,0.0,0.0,99.9,0.0,20.3,26.9,893.8,68.36,15380.0,0.0
52800,0.0,0.0,0.0,0.0,99.9,0.0,20.2,29.6,893.8,68.36,15380.0,0.0
52860,0.0,0.0,0.0,0.0,99.9,0.0,20.2,31.9,893.8,68.36,15380.0,0.0
52920,0.0,0.0,0.0,0.0,99.9,0.0,20.1,21.6,893.8,68.36,15380.0,0.0
52980,0.0,0.0,0.0,0.0,99.9,0.0,20.1,32.5,893.8,68.36,15380.0,0.0
53040,0.0,0.0,0.0,0.0,99.9,0.0,20.1,25.3,893.8,68.36,15380.0,0.0
53100,0.0,0.0,0.0,0.0,99.9,0.0,20.1,27.8,893.7,68.36,15380.0,0.0
53160,0.0,0.0,0.0,0.0,99.9,0.0,20.0,33.0,893.7,68.36,15380.0,0.0
53220,0.0,0.0,0.0,0.0,99.9,0.0,19.9,34.6,893.7,68.36,15380.0,0.0
53280,0.0,0.0,0.0,0.0,99.9,0.0,19.7,36.2,893.7,68.36,15380.0,0.0
53340,0.0,0.0,0.0,0.0,99.9,0.0,19.7,33.7,893.6,68.36,15380.0,0.0
53400,0.0,0.0,0.0,0.0,99.9,0.0,19.6,37.0,893.7,68.36,15380.0,0.0
53460,0.0,0.0,0.0,0.0,99.9,0.0,19.5,34.1,893.7,68.36,15380.0,0.0
53520,0.0,0.0,0.0,0.0,99.9,0.0,19.4,37.9,893.7,68.36,15380.0,0.0
53580,0.0,0.0,0.0,0.0,99.9,0.0,19.4,31.7,893.7,68.36,15380.0,0.0
53640,0.0,0.0,0.0,0.0,99.9,0.0,19.4,40.5,893.7,68.36,15380.0,0.0
53700,0.0,0.0,0.0,0.0,99.9,0.0,19.3,42.3,893.7,68.36,15380.0,0.0
53760,0.0,0.0,0.0,0.0,99.9,0.0,19.2,39.8,893.7,68.36,15380.0,0.0
53820,0.0,0.0,0.0,0.0,99.9,0.0,19.1,33.2,893.6,68.36,15380.0,0.0
53880,0.0,0.0,0.0,0.0,99.9,0.0,19.1,41.1,893.6,68.36,15380.0,0.0
53940,0.0,0.0,0.0,0.0,99.9,0.0,19.0,33.4,893.6,68.36,15380.0,0.0
54000,0.0,0.0,0.0,0.0,99.9,0.0,19.0,41.8,893.6,68.36,15380.0,0.0
54060,0.0,0.0,0.0,0.0,99.9,0.0,18.9,36.8,893.6,68.36,15380.0,0.0
54120,0.0,0.0,0.0,0.0,99.9,0.0,18.9,37.6,893.6,68.36,15380.0,0.0
54180,0.0,0.0,0.0,0.0,99.9,0.0,18.8,40.4,893.6,68.36,15380.0,0.0
54240,0.0,0.0,0.0,0.0,99.9,0.0,18.7,38.0,893.6,68.36,15380.0,0.0
54300,0.0,0.0,0.0,0.0,99.9,0.0,18.6,35.2,893.6,68.36,15380.0,0.0
54360,0.0,0.0,0.0,0.0,99.9,0.0,18.5,35.2,893.6,68.36,15380.0,0.0
54420,0.0,0.0,0.0,0.0,99.9,0.0,18.5,37.0,893.5,68.36,15380.0,0.0
54480,0.0,0.0,0.0,0.0,99.9,0.0,18.6,34.4,893.5,68.36,15380.0,0.0
54540,0.0,0.0,0.0,0.0,99.9,0.0,18.7,34.7,893.5,68.36,15380.0,0.0
54600,0.0,0.0,0.0,0.0,99.9,0.0,18.7,46.0,893.5,68.36,15380.0,0.0
54660,0.0,0.0,0.0,0.0,99.9,0.0,18.6,42.1,893.5,68.36,15380.0,0.0
54720,0.0,0.0,0.0,0.0,99.9,0.0,18.4,39.6,893.5,68.36,15380.0,0.0
54780,0.0,0.0,0.0,0.0,99.9,0.0,18.3,42.4,893.5,68.36,15380.0,0.0
54840,0.0,0.0,0.0,0.0,99.9,0.0,18.2,36.6,893.5,68.36,15380.0,0.0
54900,0.0,0.0,0.0,0.0,99.9,0.0,18.2,37.2,893.5,68.36,15380.0,0.0
54960,0.0,0.0,0.0,0.0,99.9,0.0,18.2,47.7,893.4,68.36,15380.0,0.0
55020,0.0,0.0,0.0,0.0,99.9,0.0,18.2,52.2,893.4,68.36,15380.0,0.0
55080,0.0,0.0,0.0,0.0,99.9,0.0,18.2,45.7,893.4,68.36,15380.0,0.0
55140,0.0,0.0,0.0,0.0,99.9,0.0,18.1,40.6,893.5,68.36,15380.0,0.0
55200,0.0,0.0,0.0,0.0,99.9,0.0,18.1,39.5,893.4,68.36,15380.0,0.0
55260,0.0,0.0,0.0,0.0,99.9,0.0,17.9,50.7,893.5,68.36,15380.0,0.0
55320,0.0,0.0,0.0,0.0,99.9,0.0,17.8,51.1,893.4,68.36,15380.0,0.0
55380,0.0,0.0,0.0,0.0,99.9,0.0,17.6,51.2,893.4,68.36,15380.0,0.0
55440,0.0,0.0,0.0,0.0,99.9,0.0,17.4,43.8,893.4,68.36,15380.0,0.0
55500,0.0,0.0,0.0,0.0,99.9,0.0,17.5,51.1,893.4,68.36,15380.0,0.0
55560,0.0,0.0,0.0,0.0,99.9,0.0,17.4,47.9,893.4,68.36,15380.0,0.0
55620,0.0,0.0,0.0,0.0,99.9,0.0,17.4,33.6,893.3,68.36,15380.0,0.0
55680,0.0,0.0,0.0,0.0,99.9,0.0,17.8,28.2,893.3,68.36,15380.0,0.0
55740,0.0,0.0,0.0,0.0,99.9,0.0,18.1,25.9,893.3,68.36,15380.0,0.0
55800,0.0,0.0,0.0,0.0,99.9,0.0,18.4,17.9,893.2,68.36,15380.0,0.0
55860,0.0,0.0,0.0,0.0,99.9,0.0,18.7,16.5,893.2,68.36,15380.0,0.0
55920,0.0,0.0,0.0,0.0,99.9,0.0,19.0,15.1,893.1,68.36,15380.0,0.0
55980,0.0,0.0,0.0,0.0,99.9,0.0,19.3,14.8,893.2,68.36,15380.0,0.0
56040,0.0,0.0,0.0,0.0,99.9,0.0,19.4,16.2,893.1,68.36,15380.0,0.0
56100,0.0,0.0,0.0,0.0,99.9,0.0,19.5,15.1,893.1,68.36,15380.0,0.0
56160,0.0,0.0,0.0,0.0,99.9,0.0,19.6,23.2,893.1,68.36,15380.0,0.0
56220,0.0,0.0,0.0,0.0,99.9,0.0,19.6,16.3,893.2,68.36,15380.0,0.0
56280,0.0,0.0,0.0,0.0,99.9,0.0,19.7,20.4,893.1,68.36,15380.0,0.0
56340,0.0,0.0,0.0,0.0,99.9,0.0,19.7,29.1,893.2,68.36,15380.0,0.0
56400,0.0,0.0,0.0,0.0,99.9,0.0,19.7,14.2,893.2,68.36,15380.0,0.0
56460,0.0,0.0,0.0,0.0,99.9,0.0,19.7,14.3,893.2,68.36,15380.0,0.0
56520,0.0,0.0,0.0,0.0,99.9,0.0,19.8,19.7,893.2,68.36,15380.0,0.0
56580,0.0,0.0,0.0,0.0,99.9,0.0,19.8,23.6,893.2,68.36,15380.0,0.0
56640,0.0,0.0,0.0,0.0,99.9,0.0,19.8,23.2,893.2,68.36,15380.0,0.0
56700,0.0,0.0,0.0,0.0,99.9,0.0,19.8,18.8,893.2,68.36,15380.0,0.0
56760,0.0,0.0,0.0,0.0,99.9,0.0,19.8,12.8,893.2,68.36,15380.0,0.0
56820,0.0,0.0,0.0,0.0,99.9,0.0,19.8,17.4,893.2,68.36,15380.0,0.0
56880,0.0,0.0,0.0,0.0,99.9,0.0,19.9,15.1,893.2,68.36,15380.0,0.0
56940,0.0,0.0,0.0,0.0,99.9,0.0,19.9,24.2,893.1,68.36,15380.0,0.0
57000,0.0,0.0,0.0,0.0,99.9,0.0,19.8,25.3,893.1,68.36,15380.0,0.0
57060,0.0,0.0,0.0,0.0,99.9,0.0,19.8,30.7,893.1,68.36,15380.0,0.0
57120,0.0,0.0,0.0,0.0,99.9,0.0,19.8,16.3,893.0,68.36,15380.0,0.0
57180,0.0,0.0,0.0,0.0,99.9,0.0,19.8,15.3,893.0,68.36,15380.0,0.0
57240,0.0,0.0,0.0,0.0,99.9,0.0,19.8,22.6,893.0,68.36,15380.0,0.0
57300,0.0,0.0,0.0,0.0,99.9,0.0,19.8,28.0,893.0,68.36,15380.0,0.0
57360,0.0,0.0,0.0,0.0,99.9,0.0,19.8,15.4,893.0,68.36,15380.0,0.0
57420,0.0,0.0,0.0,0.0,99.9,0.0,19.8,20.1,893.0,68.36,15380.0,0.0
57480,0.0,0.0,0.0,0.0,99.9,0.0,19.8,25.1,893.0,68.36,15380.0,0.0
57540,0.0,0.0,0.0,0.0,99.9,0.0,19.8,17.3,893.0,68.36,15380.0,0.0
57600,0.0,0.0,0.0,0.0,99.9,0.0,19.7,23.1,892.9,68.36,15380.0,0.0
57660,0.0,0.0,0.0,0.0,99.9,0.0,19.7,22.9,892.9,68.36,15380.0,0.0
57720,0.0,0.0,0.0,0.0,99.9,0.0,19.6,23.4,892.9,68.36,15380.0,0.0
57780,0.0,0.0,0.0,0.0,99.9,0.0,19.5,33.0,892.9,68.36,15380.0,0.0
57840,0.0,0.0,0.0,0.0,99.9,0.0,19.4,27.3,892.9,68.36,15380.0,0.0
57900,0.0,0.0,0.0,0.0,99.9,0.0,19.4,22.2,893.0,68.36,15380.0,0.0
57960,0.0,0.0,0.0,0.0,99.9,0.0,19.4,20.5,892.9,68.36,15380.0,0.0
58020,0.0,0.0,0.0,0.0,99.9,0.0,19.3,25.1,892.9,68.36,15380.0,0.0
58080,0.0,0.0,0.0,0.0,99.9,0.0,19.3,18.9,893.0,68.36,15380.0,0.0
58140,0.0,0.0,0.0,0.0,99.9,0.0,19.2,16.9,893.0,68.36,15380.0,0.0
58200,0.0,0.0,0.0,0.0,99.9,0.0,19.2,19.6,893.0,68.36,15380.0,0.0
58260,0.0,0.0,0.0,0.0,99.9,0.0,19.2,20.4,893.1,68.36,15380.0,0.0
58320,0.0,0.0,0.0,0.0,99.9,0.0,19.1,23.5,893.1,68.36,15380.0,0.0
58380,0.0,0.0,0.0,0.0,99.9,0.0,19.1,24.2,893.1,68.36,15380.0,0.0
58440,0.0,0.0,0.0,0.0,99.9,0.0,19.1,22.1,893.1,68.36,15380.0,0.0
58500,0.0,0.0,0.0,0.0,99.9,0.0,19.1,29.1,893.1,68.36,15380.0,0.0
58560,0.0,0.0,0.0,0.0,99.9,0.0,19.0,19.6,893.1,68.36,15380.0,0.0
58620,0.0,0.0,0.0,0.0,99.9,0.0,19.0,21.1,893.2,68.36,15380.0,0.0
58680,0.0,0.0,0.0,0.0,99.9,0.0,19.1,29.4,893.2,68.36,15380.0,0.0
58740,0.0,0.0,0.0,0.0,99.9,0.0,19.0,21.5,893.2,68.36,15380.0,0.0
58800,0.0,0.0,0.0,0.0,99.9,0.0,19.1,32.2,893.2,68.36,15380.0,0.0
58860,0.0,0.0,0.0,0.0,99.9,0.0,19.0,24.5,893.2,68.36,15380.0,0.0
58920,0.0,0.0,0.0,0.0,99.9,0.0,19.0,23.3,893.2,68.36,15380.0,0.0
58980,0.0,0.0,0.0,0.0,99.9,0.0,18.9,19.3,893.2,68.36,15380.0,0.0
59040,0.0,0.0,0.0,0.0,99.9,0.0,18.9,21.4,893.3,68.36,15380.0,0.0
59100,0.0,0.0,0.0,0.0,99.9,0.0,18.9,27.9,893.3,68.36,15380.0,0.0
59160,0.0,0.0,0.0,0.0,99.9,0.0,18.9,20.0,893.3,68.36,15380.0,0.0
59220,0.0,0.0,0.0,0.0,99.9,0.0,19.0,26.6,893.2,68.36,15380.0,0.0
59280,0.0,0.0,0.0,0.0,99.9,0.0,19.0,27.8,893.2,68.36,15380.0,0.0
59340,0.0,0.0,0.0,0.0,99.9,0.0,19.0,23.8,893.2,68.36,15380.0,0.0
59400,0.0,0.0,0.0,0.0,99.9,0.0,19.0,17.6,893.2,68.36,15380.0,0.0
59460,0.0,0.0,0.0,0.0,99.9,0.0,19.0,20.4,893.2,68.36,15380.0,0.0
59520,0.0,0.0,0.0,0.0,99.9,0.0,18.9,30.4,893.2,68.36,15380.0,0.0
59580,0.0,0.0,0.0,0.0,99.9,0.0,18.9,28.4,893.2,68.36,15380.0,0.0
59640,0.0,0.0,0.0,0.0,99.9,0.0,18.9,27.1,893.2,68.36,15380.0,0.0
59700,0.0,0.0,0.0,0.0,99.9,0.0,18.9,25.8,893.2,68.36,15380.0,0.0
59760,0.0,0.0,0.0,0.0,99.9,0.0,18.9,25.2,893.1,68.36,15380.0,0.0
59820,0.0,0.0,0.0,0.0,99.9,0.0,18.9,27.3,893.2,68.36,15380.0,0.0
59880,0.0,0.0,0.0,0.0,99.9,0.0,18.9,26.5,893.2,68.36,15380.0,0.0
59940,0.0,0.0,0.0,0.0,99.9,0.0,18.9,19.4,893.3,68.36,15380.0,0.0
60000,0.0,0.0,0.0,0.0,99.9,0.0,18.9,18.5,893.3,68.36,15380.0,0.0
60060,0.0,0.0,0.0,0.0,99.9,0.0,18.9,30.9,893.3,68.36,15380.0,0.0
60120,0.0,0.0,0.0,0.0,99.9,0.0,18.8,31.2,893.3,68.36,15380.0,0.0
60180,0.0,0.0,0.0,0.0,99.9,0.0,18.8,30.8,893.3,68.36,15380.0,0.0
60240,0.0,0.0,0.0,0.0,99.9,0.0,18.7,38.4,893.3,68.36,15380.0,0.0
60300,0.0,0.0,0.0,0.0,99.9,0.0,18.5,36.2,893.3,68.36,15380.0,0.0
60360,0.0,0.0,0.0,0.0,99.9,0.0,18.4,38.7,893.3,68.36,15380.0,0.0
60420,0.0,0.0,0.0,0.0,99.9,0.0,18.3,42.3,893.3,68.36,15380.0,0.0
60480,0.0,0.0,0.0,0.0,99.9,0.0,18.2,41.9,893.3,68.36,15380.0,0.0
60540,0.0,0.0,0.0,0.0,99.9,0.0,18.2,42.0,893.3,68.36,15380.0,0.0
60600,0.0,0.0,0.0,0.0,99.9,0.0,18.1,43.7,893.3,68.36,15380.0,0.0
60660,0.0,0.0,0.0,0.0,99.9,0.0,18.0,41.3,893.3,68.36,15380.0,0.0
60720,0.0,0.0,0.0,0.0,99.9,0.0,18.0,42.1,893.3,68.36,15380.0,0.0
60780,0.0,0.0,0.0,0.0,99.9,0.0,17.9,43.2,893.3,68.36,15380.0,0.0
60840,0.0,0.0,0.0,0.0,99.9,0.0,17.9,44.9,893.2,68.36,15380.0,0.0
60900,0.0,0.0,0.0,0.0,99.9,0.0,17.8,40.0,893.2,68.36,15380.0,0.0
60960,0.0,0.0,0.0,0.0,99.9,0.0,17.7,37.1,893.2,68.36,15380.0,0.0
61020,0.0,0.0,0.0,0.0,99.9,0.0,17.6,39.1,893.2,68.36,15380.0,0.0
61080,0.0,0.0,0.0,0.0,99.9,0.0,17.5,39.2,893.2,68.36,15380.0,0.0
61140,0.0,0.0,0.0,0.0,99.9,0.0,17.5,43.1,893.3,68.36,15380.0,0.0
61200,0.0,0.0,0.0,0.0,99.9,0.0,17.5,40.7,893.3,68.36,15380.0,0.0
61260,0.0,0.0,0.0,0.0,99.9,0.0,17.5,42.8,893.3,68.36,15380.0,0.0
61320,0.0,0.0,0.0,0.0,99.9,0.0,17.4,41.0,893.4,68.36,15380.0,0.0
61380,0.0,0.0,0.0,0.0,99.9,0.0,17.3,46.0,893.4,68.36,15380.0,0.0
61440,0.0,0.0,0.0,0.0,99.9,0.0,17.3,38.7,893.5,68.36,15380.0,0.0
61500,0.0,0.0,0.0,0.0,99.9,0.0,17.1,47.4,893.5,68.36,15380.0,0.0
61560,0.0,0.0,0.0,0.0,99.9,0.0,17.0,44.0,893.4,68.36,15380.0,0.0
61620,0.0,0.0,0.0,0.0,99.9,0.0,16.8,47.6,893.4,68.36,15380.0,0.0
61680,0.0,0.0,0.0,0.0,99.9,0.0,16.7,52.1,893.4,68.36,15380.0,0.0
61740,0.0,0.0,0.0,0.0,99.9,0.0,16.7,51.4,893.4,68.36,15380.0,0.0
61800,0.0,0.0,0.0,0.0,99.9,0.0,16.5,50.7,893.3,68.36,15380.0,0.0
61860,0.0,0.0,0.0,0.0,99.9,0.0,16.3,52.7,893.4,68.36,15380.0,0.0
61920,0.0,0.0,0.0,0.0,99.9,0.0,16.1,53.1,893.4,68.36,15380.0,0.0
61980,0.0,0.0,0.0,0.0,99.9,0.0,15.8,50.8,893.4,68.36,15380.0,0.0
62040,0.0,0.0,0.0,0.0,99.9,0.0,15.4,48.1,893.5,68.36,15380.0,0.0
62100,0.0,0.0,0.0,0.0,99.9,0.0,14.9,47.5,893.5,68.36,15380.0,0.0
62160,0.0,0.0,0.0,0.0,99.9,0.0,14.5,50.5,893.5,68.36,15380.0,0.0
62220,0.0,0.0,0.0,0.0,99.9,0.0,14.0,50.8,893.4,68.36,15380.0,0.0
62280,0.0,0.0,0.0,0.0,99.9,0.0,13.8,47.3,893.2,68.36,15380.0,0.0
62340,0.0,0.0,0.0,0.0,99.9,0.0,14.0,45.3,893.1,68.36,15380.0,0.0
62400,0.0,0.0,0.0,0.0,99.9,0.0,14.6,35.3,893.0,68.36,15380.0,0.0
62460,0.0,0.0,0.0,0.0,99.9,0.0,15.4,32.4,892.9,68.36,15380.0,0.0
62520,0.0,0.0,0.0,0.0,99.9,0.0,16.0,27.6,892.9,68.36,15380.0,0.0
62580,0.0,0.0,0.0,0.0,99.9,0.0,16.7,24.7,893.0,68.36,15380.0,0.0
62640,0.0,0.0,0.0,0.0,99.9,0.0,17.1,25.6,893.0,68.36,15380.0,0.0
62700,0.0,0.0,0.0,0.0,99.9,0.0,17.2,24.2,893.1,68.36,15380.0,0.0
62760,0.0,0.0,0.0,0.0,99.9,0.0,17.4,28.5,893.1,68.36,15380.0,0.0
62820,0.0,0.0,0.0,0.0,99.9,0.0,17.4,22.3,893.1,68.36,15380.0,0.0
62880,0.0,0.0,0.0,0.0,99.9,0.0,17.5,22.8,893.1,68.36,15380.0,0.0
62940,0.0,0.0,0.0,0.0,99.9,0.0,17.6,25.6,893.2,68.36,15380.0,0.0
63000,0.0,0.0,0.0,0.0,99.9,0.0,17.6,19.7,893.2,68.36,15380.0,0.0
63060,0.0,0.0,0.0,0.0,99.9,0.0,17.7,15.0,893.2,68.36,15380.0,0.0
63120,0.0,0.0,0.0,0.0,99.9,0.0,17.9,27.4,893.2,68.36,15380.0,0.0
63180,0.0,0.0,0.0,0.0,99.9,0.0,17.7,25.7,893.2,68.36,15380.0,0.0
63240,0.0,0.0,0.0,0.0,99.9,0.0,17.6,26.9,893.2,68.36,15380.0,0.0
63300,0.0,0.0,0.0,0.0,99.9,0.0,17.5,27.4,893.3,68.36,15380.0,0.0
63360,0.0,0.0,0.0,0.0,99.9,0.0,17.5,25.8,893.2,68.36,15380.0,0.0
63420,0.0,0.0,0.0,0.0,99.9,0.0,17.5,25.4,893.2,68.36,15380.0,0.0
63480,0.0,0.0,0.0,0.0,99.9,0.0,17.5,25.8,893.3,68.36,15380.0,0.0
63540,0.0,0.0,0.0,0.0,99.9,0.0,17.4,25.8,893.2,68.36,15380.0,0.0
63600,0.0,0.0,0.0,0.0,99.9,0.0,17.3,27.0,893.3,68.36,15380.0,0.0
63660,0.0,0.0,0.0,0.0,99.9,0.0,17.3,28.3,893.2,68.36,15380.0,0.0
63720,0.0,0.0,0.0,0.0,99.9,0.0,17.2,25.1,893.2,68.36,15380.0,0.0
63780,0.0,0.0,0.0,0.0,99.9,0.0,17.1,28.4,893.2,68.36,15380.0,0.0
63840,0.0,0.0,0.0,0.0,99.9,0.0,17.0,26.5,893.2,68.36,15380.0,0.0
63900,0.0,0.0,0.0,0.0,99.9,0.0,17.0,26.6,893.2,68.36,15380.0,0.0
63960,0.0,0.0,0.0,0.0,99.9,0.0,17.0,23.2,893.2,68.36,15380.0,0.0
64020,0.0,0.0,0.0,0.0,99.9,0.0,17.1,27.5,893.2,68.36,15380.0,0.0
64080,0.0,0.0,0.0,0.0,99.9,0.0,17.2,21.7,893.2,68.36,15380.0,0.0
64140,0.0,0.0,0.0,0.0,99.9,0.0,17.3,25.5,893.1,68.36,15380.0,0.0
64200,0.0,0.0,0.0,0.0,99.9,0.0,17.2,26.8,893.1,68.36,15380.0,0.0
64260,0.0,0.0,0.0,0.0,99.9,0.0,17.1,24.8,893.1,68.36,15380.0,0.0
64320,0.0,0.0,0.0,0.0,99.9,0.0,17.2,24.6,893.1,68.36,15380.0,0.0
64380,0.0,0.0,0.0,0.0,99.9,0.0,17.3,26.4,893.1,68.36,15380.0,0.0
64440,0.0,0.0,0.0,0.0,99.9,0.0,17.2,25.8,893.1,68.36,15380.0,0.0
64500,0.0,0.0,0.0,0.0,99.9,0.0,17.2,24.3,893.1,68.36,15380.0,0.0
64560,0.0,0.0,0.0,0.0,99.9,0.0,17.2,25.0,893.2,68.36,15380.0,0.0
64620,0.0,0.0,0.0,0.0,99.9,0.0,17.1,17.4,893.2,68.36,15380.0,0.0
64680,0.0,0.0,0.0,0.0,99.9,0.0,17.2,26.5,893.2,68.36,15380.0,0.0
64740,0.0,0.0,0.0,0.0,99.9,0.0,17.1,27.5,893.2,68.36,15380.0,0.0
64800,0.0,0.0,0.0,0.0,99.9,0.0,17.1,24.3,893.2,68.36,15380.0,0.0
64860,0.0,0.0,0.0,0.0,99.9,0.0,17.1,27.0,893.2,68.36,15380.0,0.0
64920,0.0,0.0,0.0,0.0,99.9,0.0,17.0,28.1,893.1,68.36,15380.0,0.0
64980,0.0,0.0,0.0,0.0,99.9,0.0,16.9,24.2,893.1,68.36,15380.0,0.0
65040,0.0,0.0,0.0,0.0,99.9,0.0,17.0,24.8,893.1,68.36,15380.0,0.0
65100,0.0,0.0,0.0,0.0,99.9,0.0,17.1,25.7,893.0,68.36,15380.0,0.0
65160,0.0,0.0,0.0,0.0,99.9,0.0,17.0,27.2,893.0,68.36,15380.0,0.0
65220,0.0,0.0,0.0,0.0,99.9,0.0,16.9,25.6,893.0,68.36,15380.0,0.0
65280,0.0,0.0,0.0,0.0,99.9,0.0,16.8,26.8,893.0,68.36,15380.0,0.0
65340,0.0,0.0,0.0,0.0,99.9,0.0,16.9,25.2,893.0,68.36,15380.0,0.0
65400,0.0,0.0,0.0,0.0,99.9,0.0,17.0,26.5,893.0,68.36,15380.0,0.0
65460,0.0,0.0,0.0,0.0,99.9,0.0,17.1,26.7,893.0,68.36,15380.0,0.0
65520,0.0,0.0,0.0,0.0,99.9,0.0,17.0,26.7,893.1,68.36,15380.0,0.0
65580,0.0,0.0,0.0,0.0,99.9,0.0,17.0,26.3,893.1,68.36,15380.0,0.0
65640,0.0,0.0,0.0,0.0,99.9,0.0,17.0,25.2,893.1,68.36,15380.0,0.0
65700,0.0,0.0,0.0,0.0,99.9,0.0,16.9,25.5,893.1,68.36,15380.0,0.0
65760,0.0,0.0,0.0,0.0,99.9,0.0,16.9,26.7,893.1,68.36,15380.0,0.0
65820,0.0,0.0,0.0,0.0,99.9,0.0,16.8,25.6,893.1,68.36,15380.0,0.0
65880,0.0,0.0,0.0,0.0,99.9,0.0,16.8,25.1,893.1,68.36,15380.0,0.0
65940,0.0,0.0,0.0,0.0,99.9,0.0,16.8,24.8,893.1,68.36,15380.0,0.0
66000,0.0,0.0,0.0,0.0,99.9,0.0,16.8,25.6,893.1,68.36,15380.0,0.0
66060,0.0,0.0,0.0,0.0,99.9,0.0,16.8,25.6,893.1,68.36,15380.0,0.0
66120,0.0,0.0,0.0,0.0,99.9,0.0,16.8,25.7,893.0,68.36,15380.0,0.0
66180,0.0,0.0,0.0,0.0,99.9,0.0,16.8,27.3,893.1,68.36,15380.0,0.0
66240,0.0,0.0,0.0,0.0,99.9,0.0,16.8,28.0,893.0,68.36,15380.0,0.0
66300,0.0,0.0,0.0,0.0,99.9,0.0,16.8,28.4,893.0,68.36,15380.0,0.0
66360,0.0,0.0,0.0,0.0,99.9,0.0,16.8,28.2,893.0,68.36,15380.0,0.0
66420,0.0,0.0,0.0,0.0,99.9,0.0,16.9,28.7,893.0,68.36,15380.0,0.0
66480,0.0,0.0,0.0,0.0,99.9,0.0,16.9,27.3,893.0,68.36,15380.0,0.0
66540,0.0,0.0,0.0,0.0,99.9,0.0,16.8,28.6,893.0,68.36,15380.0,0.0
66600,0.0,0.0,0.0,0.0,99.9,0.0,16.8,28.9,893.0,68.36,15380.0,0.0
66660,0.0,0.0,0.0,0.0,99.9,0.0,16.8,28.9,893.0,68.36,15380.0,0.0
66720,0.0,0.0,0.0,0.0,99.9,0.0,16.9,25.1,893.0,68.36,15380.0,0.0
66780,0.0,0.0,0.0,0.0,99.9,0.0,17.0,27.9,893.0,68.36,15380.0,0.0
66840,0.0,0.0,0.0,0.0,99.9,0.0,17.0,29.1,893.1,68.36,15380.0,0.0
66900,0.0,0.0,0.0,0.0,99.9,0.0,16.9,28.6,893.0,68.36,15380.0,0.0
66960,0.0,0.0,0.0,0.0,99.9,0.0,16.9,28.0,893.0,68.36,15380.0,0.0
67020,0.0,0.0,0.0,0.0,99.9,0.0,16.8,28.7,893.0,68.36,15380.0,0.0
67080,0.0,0.0,0.0,0.0,99.9,0.0,16.8,25.3,893.0,68.36,15380.0,0.0
67140,0.0,0.0,0.0,0.0,99.9,0.0,16.8,28.2,893.0,68.36,15380.0,0.0
67200,0.0,0.0,0.0,0.0,99.9,0.0,16.8,28.7,893.0,68.36,15380.0,0.0
67260,0.0,0.0,0.0,0.0,99.9,0.0,16.8,29.2,893.0,68.36,15380.0,0.0
67320,0.0,0.0,0.0,0.0,99.9,0.0,16.9,28.8,893.0,68.36,15380.0,0.0
67380,0.0,0.0,0.0,0.0,99.9,0.0,16.9,28.9,893.0,68.36,15380.0,0.0
67440,0.0,0.0,0.0,0.0,99.9,0.0,16.9,28.3,893.0,68.36,15380.0,0.0
67500,0.0,0.0,0.0,0.0,99.9,0.0,16.8,28.4,893.0,68.36,15380.0,0.0
67560,0.0,0.0,0.0,0.0,99.9,0.0,16.9,26.8,893.0,68.36,15380.0,0.0
67620,0.0,0.0,0.0,0.0,99.9,0.0,16.8,27.4,893.0,68.36,15380.0,0.0
67680,0.0,0.0,0.0,0.0,99.9,0.0,16.8,28.0,893.0,68.36,15380.0,0.0
67740,0.0,0.0,0.0,0.0,99.9,0.0,16.7,27.4,892.9,68.36,15380.0,0.0
67800,0.0,0.0,0.0,0.0,99.9,0.0,16.7,24.0,892.9,68.36,15380.0,0.0
67860,0.0,0.0,0.0,0.0,99.9,0.0,16.8,21.9,892.9,68.36,15380.0,0.0
67920,0.0,0.0,0.0,0.0,99.9,0.0,17.0,21.6,892.9,68.36,15380.0,0.0
67980,0.0,0.0,0.0,0.0,99.9,0.0,17.0,21.3,892.9,68.36,15380.0,0.0
68040,0.0,0.0,0.0,0.0,99.9,0.0,17.1,19.7,892.9,68.36,15380.0,0.0
68100,0.0,0.0,0.0,0.0,99.9,0.0,17.2,19.1,892.9,68.36,15380.0,0.0
68160,0.0,0.0,0.0,0.0,99.9,0.0,17.2,20.8,892.9,68.36,15380.0,0.0
68220,0.0,0.0,0.0,0.0,99.9,0.0,17.2,19.1,893.0,68.36,15380.0,0.0
68280,0.0,0.0,0.0,0.0,99.9,0.0,17.3,21.5,892.9,68.36,15380.0,0.0
68340,0.0,0.0,0.0,0.0,99.9,0.0,17.3,21.1,892.9,68.36,15380.0,0.0
68400,0.0,0.0,0.0,0.0,99.9,0.0,17.2,22.7,892.9,68.36,15380.0,0.0
68460,0.0,0.0,0.0,0.0,99.9,0.0,17.2,22.1,892.9,68.36,15380.0,0.0
68520,0.0,0.0,0.0,0.0,99.9,0.0,17.2,20.3,892.9,68.36,15380.0,0.0
68580,0.0,0.0,0.0,0.0,99.9,0.0,17.2,17.9,892.9,68.36,15380.0,0.0
68640,0.0,0.0,0.0,0.0,99.9,0.0,17.3,20.6,893.0,68.36,15380.0,0.0
68700,0.0,0.0,0.0,0.0,99.9,0.0,17.3,15.1,892.9,68.36,15380.0,0.0
68760,0.0,0.0,0.0,0.0,99.9,0.0,17.4,14.3,892.9,68.36,15380.0,0.0
68820,0.0,0.0,0.0,0.0,99.9,0.0,17.5,14.0,892.9,68.36,15380.0,0.0
68880,0.0,0.0,0.0,0.0,99.9,0.0,17.6,14.0,893.0,68.36,15380.0,0.0
68940,0.0,0.0,0.0,0.0,99.9,0.0,17.7,13.8,893.0,68.36,15380.0,0.0
69000,0.0,0.0,0.0,0.0,99.9,0.0,17.7,14.9,893.0,68.36,15380.0,0.0
69060,0.0,0.0,0.0,0.0,99.9,0.0,17.7,13.6,893.0,68.36,15380.0,0.0
69120,0.0,0.0,0.0,0.0,99.9,0.0,17.7,13.0,893.0,68.36,15380.0,0.0
69180,0.0,0.0,0.0,0.0,99.9,0.0,17.8,12.9,893.0,68.36,15380.0,0.0
69240,0.0,0.0,0.0,0.0,99.9,0.0,17.8,12.5,893.0,68.36,15380.0,0.0
69300,0.0,0.0,0.0,0.0,99.9,0.0,17.8,12.6,893.0,68.36,15380.0,0.0
69360,0.0,0.0,0.0,0.0,99.9,0.0,17.8,12.6,893.0,68.36,15380.0,0.0
69420,0.0,0.0,0.0,0.0,99.9,0.0,17.8,12.4,892.9,68.36,15380.0,0.0
69480,0.0,0.0,0.0,0.0,99.9,0.0,17.8,12.5,892.9,68.36,15380.0,0.0
69540,0.0,0.0,0.0,0.0,99.9,0.0,17.9,13.0,892.9,68.36,15380.0,0.0
69600,0.0,0.0,0.0,0.0,99.9,0.0,17.8,13.0,893.0,68.36,15380.0,0.0
69660,0.0,0.0,0.0,0.0,99.9,0.0,17.8,12.9,892.9,68.36,15380.0,0.0
69720,0.0,0.0,0.0,0.0,99.9,0.0,17.8,12.5,892.9,68.36,15380.0,0.0
69780,0.0,0.0,0.0,0.0,99.9,0.0,17.8,12.4,892.9,68.36,15380.0,0.0
69840,0.0,0.0,0.0,0.0,99.9,0.0,17.8,12.4,892.9,68.36,15380.0,0.0
69900,0.0,0.0,0.0,0.0,99.9,0.0,17.8,12.7,892.9,68.36,15380.0,0.0
69960,0.0,0.0,0.0,0.0,99.9,0.0,17.8,12.1,892.9,68.36,15380.0,0.0
70020,0.0,0.0,0.0,0.0,99.9,0.0,17.8,12.3,892.9,68.36,15380.0,0.0
70080,0.0,0.0,0.0,0.0,99.9,0.0,17.8,12.3,892.9,68.36,15380.0,0.0
70140,0.0,0.0,0.0,0.0,99.9,0.0,17.8,12.4,892.9,68.36,15380.0,0.0
70200,0.0,0.0,0.0,0.0,99.9,0.0,17.8,11.6,892.9,68.36,15380.0,0.0
70260,0.0,0.0,0.0,0.0,99.9,0.0,17.8,10.9,892.9,68.36,15380.0,0.0
70320,0.0,0.0,0.0,0.0,99.9,0.0,17.9,17.9,892.9,68.36,15380.0,0.0
70380,0.0,0.0,0.0,0.0,99.9,0.0,17.8,12.1,892.9,68.36,15380.0,0.0
70440,0.0,0.0,0.0,0.0,99.9,0.0,17.8,15.4,892.9,68.36,15380.0,0.0
70500,0.0,0.0,0.0,0.0,99.9,0.0,17.7,12.6,892.9,68.36,15380.0,0.0
70560,0.0,0.0,0.0,0.0,99.9,0.0,17.7,13.6,892.9,68.36,15380.0,0.0
70620,0.0,0.0,0.0,0.0,99.9,0.0,17.6,17.4,892.9,68.36,15380.0,0.0
70680,0.0,0.0,0.0,0.0,99.9,0.0,17.6,14.7,892.9,68.36,15380.0,0.0
70740,0.0,0.0,0.0,0.0,99.9,0.0,17.5,12.8,892.9,68.36,15380.0,0.0
70800,0.0,0.0,0.0,0.0,99.9,0.0,17.6,12.0,892.9,68.36,15380.0,0.0
70860,0.0,0.0,0.0,0.0,99.9,0.0,17.6,16.5,892.9,68.36,15380.0,0.0
70920,0.0,0.0,0.0,0.0,99.9,0.0,17.6,11.0,892.9,68.36,15380.0,0.0
70980,0.0,0.0,0.0,0.0,99.9,0.0,17.7,11.2,892.8,68.36,15380.0,0.0
71040,0.0,0.0,0.0,0.0,99.9,0.0,17.7,11.3,892.9,68.36,15380.0,0.0
71100,0.0,0.0,0.0,0.0,99.9,0.0,17.8,11.5,892.9,68.36,15380.0,0.0
71160,0.0,0.0,0.0,0.0,99.9,0.0,17.9,11.8,892.9,68.36,15380.0,0.0
71220,0.0,0.0,0.0,0.0,99.9,0.0,17.9,11.7,892.9,68.36,15380.0,0.0
71280,0.0,0.0,0.0,0.0,99.9,0.0,18.0,11.5,892.9,68.36,15380.0,0.0
71340,0.0,0.0,0.0,0.0,99.9,0.0,18.0,12.1,892.9,68.36,15380.0,0.0
71400,0.0,0.0,0.0,0.0,99.9,0.0,18.0,11.6,892.9,68.36,15380.0,0.0
71460,0.0,0.0,0.0,0.0,99.9,0.0,18.0,11.2,892.9,68.36,15380.0,0.0
71520,0.0,0.0,0.0,0.0,99.9,0.0,18.0,11.9,892.9,68.36,15380.0,0.0
71580,0.0,0.0,0.0,0.0,99.9,0.0,18.0,12.0,892.9,68.36,15380.0,0.0
71640,0.0,0.0,0.0,0.0,99.9,0.0,18.0,11.8,892.9,68.36,15380.0,0.0
71700,0.0,0.0,0.0,0.0,99.9,0.0,18.0,11.9,892.9,68.36,15380.0,0.0
71760,0.0,0.0,0.0,0.0,99.9,0.0,18.0,12.0,892.8,68.36,15380.0,0.0
71820,0.0,0.0,0.0,0.0,99.9,0.0,18.0,12.7,892.9,68.36,15380.0,0.0
71880,0.0,0.0,0.0,0.0,99.9,0.0,18.0,13.5,892.8,68.36,15380.0,0.0
71940,0.0,0.0,0.0,0.0,99.9,0.0,18.0,12.7,892.9,68.36,15380.0,0.0
72000,0.0,0.0,0.0,0.0,99.9,0.0,18.0,13.2,892.9,68.36,15380.0,0.0
72060,0.0,0.0,0.0,0.0,99.9,0.0,18.0,14.6,892.9,68.36,15380.0,0.0
72120,0.0,0.0,0.0,0.0,99.9,0.0,18.0,14.1,892.9,68.36,15380.0,0.0
72180,0.0,0.0,0.0,0.0,99.9,0.0,17.9,14.6,892.9,68.36,15380.0,0.0
72240,0.0,0.0,0.0,0.0,99.9,0.0,17.9,14.4,892.9,68.36,15380.0,0.0
72300,0.0,0.0,0.0,0.0,99.9,0.0,17.9,13.3,892.9,68.36,15380.0,0.0
72360,0.0,0.0,0.0,0.0,99.9,0.0,17.9,13.1,893.0,68.36,15380.0,0.0
72420,0.0,0.0,0.0,0.0,99.9,0.0,17.9,13.9,892.9,68.36,15380.0,0.0
72480,0.0,0.0,0.0,0.0,99.9,0.0,17.9,13.8,893.0,68.36,15380.0,0.0
72540,0.0,0.0,0.0,0.0,99.9,0.0,17.9,13.9,893.0,68.36,15380.0,0.0
72600,0.0,0.0,0.0,0.0,99.9,0.0,17.8,12.4,893.0,68.36,15380.0,0.0
72660,0.0,0.0,0.0,0.0,99.9,0.0,17.8,12.6,893.0,68.36,15380.0,0.0
72720,0.0,0.0,0.0,0.0,99.9,0.0,17.8,12.8,893.0,68.36,15380.0,0.0
72780,0.0,0.0,0.0,0.0,99.9,0.0,17.8,12.9,893.0,68.36,15380.0,0.0
72840,0.0,0.0,0.0,0.0,99.9,0.0,17.8,12.8,893.0,68.36,15380.0,0.0
72900,0.0,0.0,0.0,0.0,99.9,0.0,17.8,12.8,893.0,68.36,15380.0,0.0
72960,0.0,0.0,0.0,0.0,99.9,0.0,17.8,13.0,893.0,68.36,15380.0,0.0
73020,0.0,0.0,0.0,0.0,99.9,0.0,17.8,13.0,893.0,68.36,15380.0,0.0
73080,0.0,0.0,0.0,0.0,99.9,0.0,17.8,13.1,893.0,68.36,15380.0,0.0
73140,0.0,0.0,0.0,0.0,99.9,0.0,17.8,12.6,893.1,68.36,15380.0,0.0
73200,0.0,0.0,0.0,0.0,99.9,0.0,17.8,13.1,893.1,68.36,15380.0,0.0
73260,0.0,0.0,0.0,0.0,99.9,0.0,17.8,13.6,893.1,68.36,15380.0,0.0
73320,0.0,0.0,0.0,0.0,99.9,0.0,17.8,14.0,893.1,68.36,15380.0,0.0
73380,0.0,0.0,0.0,0.0,99.9,0.0,17.8,15.2,893.0,68.36,15380.0,0.0
73440,0.0,0.0,0.0,0.0,99.9,0.0,17.8,16.6,893.1,68.36,15380.0,0.0
73500,0.0,0.0,0.0,0.0,99.9,0.0,17.8,19.1,893.1,68.36,15380.0,0.0
73560,0.0,0.0,0.0,0.0,99.9,0.0,17.8,14.7,893.1,68.36,15380.0,0.0
73620,0.0,0.0,0.0,0.0,99.9,0.0,17.8,14.9,893.1,68.36,15380.0,0.0
73680,0.0,0.0,0.0,0.0,99.9,0.0,17.7,14.7,893.1,68.36,15380.0,0.0
73740,0.0,0.0,0.0,0.0,99.9,0.0,17.7,14.8,893.1,68.36,15380.0,0.0
73800,0.0,0.0,0.0,0.0,99.9,0.0,17.6,15.3,893.1,68.36,15380.0,0.0
73860,0.0,0.0,0.0,0.0,99.9,0.0,17.6,14.4,893.1,68.36,15380.0,0.0
73920,0.0,0.0,0.0,0.0,99.9,0.0,17.5,14.1,893.1,68.36,15380.0,0.0
73980,0.0,0.0,0.0,0.0,99.9,0.0,17.6,15.0,893.1,68.36,15380.0,0.0
74040,0.0,0.0,0.0,0.0,99.9,0.0,17.6,14.3,893.1,68.36,15380.0,0.0
74100,0.0,0.0,0.0,0.0,99.9,0.0,17.6,14.3,893.1,68.36,15380.0,0.0
74160,0.0,0.0,0.0,0.0,99.9,0.0,17.7,14.2,893.1,68.36,15380.0,0.0
74220,0.0,0.0,0.0,0.0,99.9,0.0,17.7,14.1,893.1,68.36,15380.0,0.0
74280,0.0,0.0,0.0,0.0,99.9,0.0,17.7,13.9,893.2,68.36,15380.0,0.0
74340,0.0,0.0,0.0,0.0,99.9,0.0,17.6,14.1,893.2,68.36,15380.0,0.0
74400,0.0,0.0,0.0,0.0,99.9,0.0,17.6,14.1,893.2,68.36,15380.0,0.0
74460,0.0,0.0,0.0,0.0,99.9,0.0,17.6,13.8,893.2,68.36,15380.0,0.0
74520,0.0,0.0,0.0,0.0,99.9,0.0,17.6,13.7,893.2,68.36,15380.0,0.0
74580,0.0,0.0,0.0,0.0,99.9,0.0,17.5,14.3,893.3,68.36,15380.0,0.0
74640,0.0,0.0,0.0,0.0,99.9,0.0,17.5,13.9,893.3,68.36,15380.0,0.0
74700,0.0,0.0,0.0,0.0,99.9,0.0,17.5,14.6,893.3,68.36,15380.0,0.0
74760,0.0,0.0,0.0,0.0,99.9,0.0,17.5,14.2,893.3,68.36,15380.0,0.0
74820,0.0,0.0,0.0,0.0,99.9,0.0,17.5,13.8,893.3,68.36,15380.0,0.0
74880,0.0,0.0,0.0,0.0,99.9,0.0,17.5,14.3,893.2,68.36,15380.0,0.0
74940,0.0,0.0,0.0,0.0,99.9,0.0,17.5,14.4,893.3,68.36,15380.0,0.0
75000,0.0,0.0,0.0,0.0,99.9,0.0,17.4,14.0,893.3,68.36,15380.0,0.0
75060,0.0,0.0,0.0,0.0,99.9,0.0,17.5,14.0,893.3,68.36,15380.0,0.0
75120,0.0,0.0,0.0,0.0,99.9,0.0,17.5,14.4,893.3,68.36,15380.0,0.0
75180,0.0,0.0,0.0,0.0,99.9,0.0,17.4,14.9,893.2,68.36,15380.0,0.0
75240,0.0,0.0,0.0,0.0,99.9,0.0,17.4,14.0,893.3,68.36,15380.0,0.0
75300,0.0,0.0,0.0,0.0,99.9,0.0,17.4,13.8,893.3,68.36,15380.0,0.0
75360,0.0,0.0,0.0,0.0,99.9,0.0,17.4,13.6,893.3,68.36,15380.0,0.0
75420,0.0,0.0,0.0,0.0,99.9,0.0,17.4,13.7,893.3,68.36,15380.0,0.0
75480,0.0,0.0,0.0,0.0,99.9,0.0,17.4,13.6,893.4,68.36,15380.0,0.0
75540,0.0,0.0,0.0,0.0,99.9,0.0,17.4,13.6,893.4,68.36,15380.0,0.0
75600,0.0,0.0,0.0,0.0,99.9,0.0,17.4,13.7,893.4,68.36,15380.0,0.0
75660,0.0,0.0,0.0,0.0,99.9,0.0,17.4,13.6,893.4,68.36,15380.0,0.0
75720,0.0,0.0,0.0,0.0,99.9,0.0,17.4,13.6,893.4,68.36,15380.0,0.0
75780,0.0,0.0,0.0,0.0,99.9,0.0,17.4,14.0,893.4,68.36,15380.0,0.0
75840,0.0,0.0,0.0,0.0,99.9,0.0,17.5,14.8,893.3,68.36,15380.0,0.0
75900,0.0,0.0,0.0,0.0,99.9,0.0,17.5,15.0,893.3,68.36,15380.0,0.0
75960,0.0,0.0,0.0,0.0,99.9,0.0,17.5,14.5,893.4,68.36,15380.0,0.0
76020,0.0,0.0,0.0,0.0,99.9,0.0,17.5,14.4,893.4,68.36,15380.0,0.0
76080,0.0,0.0,0.0,0.0,99.9,0.0,17.5,14.4,893.4,68.36,15380.0,0.0
76140,0.0,0.0,0.0,0.0,99.9,0.0,17.5,14.0,893.5,68.36,15380.0,0.0
76200,0.0,0.0,0.0,0.0,99.9,0.0,17.5,14.5,893.5,68.36,15380.0,0.0
76260,0.0,0.0,0.0,0.0,99.9,0.0,17.5,13.7,893.4,68.36,15380.0,0.0
76320,0.0,0.0,0.0,0.0,99.9,0.0,17.5,13.7,893.5,68.36,15380.0,0.0
76380,0.0,0.0,0.0,0.0,99.9,0.0,17.5,13.1,893.5,68.36,15380.0,0.0
76440,0.0,0.0,0.0,0.0,99.9,0.0,17.5,13.5,893.5,68.36,15380.0,0.0
76500,0.0,0.0,0.0,0.0,99.9,0.0,17.5,13.2,893.5,68.36,15380.0,0.0
76560,0.0,0.0,0.0,0.0,99.9,0.0,17.5,13.0,893.5,68.36,15380.0,0.0
76620,0.0,0.0,0.0,0.0,99.9,0.0,17.4,13.0,893.5,68.36,15380.0,0.0
76680,0.0,0.0,0.0,0.0,99.9,0.0,17.4,12.8,893.5,68.36,15380.0,0.0
76740,0.0,0.0,0.0,0.0,99.9,0.0,17.4,12.4,893.5,68.36,15380.0,0.0
76800,0.0,0.0,0.0,0.0,99.9,0.0,17.4,12.6,893.5,68.36,15380.0,0.0
76860,0.0,0.0,0.0,0.0,99.9,0.0,17.4,12.4,893.4,68.36,15380.0,0.0
76920,0.0,0.0,0.0,0.0,99.9,0.0,17.4,12.2,893.5,68.36,15380.0,0.0
76980,0.0,0.0,0.0,0.0,99.9,0.0,17.4,11.8,893.5,68.36,15380.0,0.0
77040,0.0,0.0,0.0,0.0,99.9,0.0,17.4,11.8,893.5,68.36,15380.0,0.0
77100,0.0,0.0,0.0,0.0,99.9,0.0,17.4,11.9,893.4,68.36,15380.0,0.0
77160,0.0,0.0,0.0,0.0,99.9,0.0,17.4,12.9,893.4,68.36,15380.0,0.0
77220,0.0,0.0,0.0,0.0,99.9,0.0,17.4,13.0,893.4,68.36,15380.0,0.0
77280,0.0,0.0,0.0,0.0,99.9,0.0,17.4,15.4,893.4,68.36,15380.0,0.0
77340,0.0,0.0,0.0,0.0,99.9,0.0,17.5,12.1,893.4,68.36,15380.0,0.0
77400,0.0,0.0,0.0,0.0,99.9,0.0,17.5,13.5,893.3,68.36,15380.0,0.0
77460,0.0,0.0,0.0,0.0,99.9,0.0,17.5,16.6,893.4,68.36,15380.0,0.0
77520,0.0,0.0,0.0,0.0,99.9,0.0,17.6,13.9,893.4,68.36,15380.0,0.0
77580,0.0,0.0,0.0,0.0,99.9,0.0,17.6,15.6,893.4,68.36,15380.0,0.0
77640,0.0,0.0,0.0,0.0,99.9,0.0,17.6,12.8,893.5,68.36,15380.0,0.0
77700,0.0,0.0,0.0,0.0,99.9,0.0,17.5,12.2,893.5,68.36,15380.0,0.0
77760,0.0,0.0,0.0,0.0,99.9,0.0,17.5,19.2,893.5,68.36,15380.0,0.0
77820,0.0,0.0,0.0,0.0,99.9,0.0,17.6,17.2,893.4,68.36,15380.0,0.0
77880,0.0,0.0,0.0,0.0,99.9,0.0,17.6,18.5,893.4,68.36,15380.0,0.0
77940,0.0,0.0,0.0,0.0,99.9,0.0,17.6,16.9,893.4,68.36,15380.0,0.0
78000,0.0,0.0,0.0,0.0,99.9,0.0,17.6,15.9,893.4,68.36,15380.0,0.0
78060,0.0,0.0,0.0,0.0,99.9,0.0,17.6,19.2,893.3,68.36,15380.0,0.0
78120,0.0,0.0,0.0,0.0,99.9,0.0,17.6,16.4,893.3,68.36,15380.0,0.0
78180,0.0,0.0,0.0,0.0,99.9,0.0,17.6,18.4,893.3,68.36,15380.0,0.0
78240,0.0,0.0,0.0,0.0,99.9,0.0,17.6,20.5,893.3,68.36,15380.0,0.0
78300,0.0,0.0,0.0,0.0,99.9,0.0,17.6,19.1,893.3,68.36,15380.0,0.0
78360,0.0,0.0,0.0,0.0,99.9,0.0,17.7,19.3,893.3,68.36,15380.0,0.0
78420,0.0,0.0,0.0,0.0,99.9,0.0,17.7,22.3,893.3,68.36,15380.0,0.0
78480,0.0,0.0,0.0,0.0,99.9,0.0,17.8,18.3,893.3,68.36,15380.0,0.0
78540,0.0,0.0,0.0,0.0,99.9,0.0,17.8,23.3,893.2,68.36,15380.0,0.0
78600,0.0,0.0,0.0,0.0,99.9,0.0,17.8,21.5,893.3,68.36,15380.0,0.0
78660,0.0,0.0,0.0,0.0,99.9,0.0,17.8,21.8,893.2,68.36,15380.0,0.0
78720,0.0,0.0,0.0,0.0,99.9,0.0,17.8,22.6,893.3,68.36,15380.0,0.0
78780,0.0,0.0,0.0,0.0,99.9,0.0,17.9,19.5,893.3,68.36,15380.0,0.0
78840,0.0,0.0,0.0,0.0,99.9,0.0,17.9,21.5,893.3,68.36,15380.0,0.0
78900,0.0,0.0,0.0,0.0,99.9,0.0,17.8,19.2,893.3,68.36,15380.0,0.0
78960,0.0,0.0,0.0,0.0,99.9,0.0,17.8,20.3,893.4,68.36,15380.0,0.0
79020,0.0,0.0,0.0,0.0,99.9,0.0,17.8,20.9,893.4,68.36,15380.0,0.0
79080,0.0,0.0,0.0,0.0,99.9,0.0,17.7,21.2,893.4,68.36,15380.0,0.0
79140,0.0,0.0,0.0,0.0,99.9,0.0,17.7,21.5,893.4,68.36,15380.0,0.0
79200,0.0,0.0,0.0,0.0,99.9,0.0,17.6,20.3,893.4,68.36,15380.0,0.0
79260,0.0,0.0,0.0,0.0,99.9,0.0,17.6,20.9,893.4,68.36,15380.0,0.0
79320,0.0,0.0,0.0,0.0,99.9,0.0,17.5,20.4,893.4,68.36,15380.0,0.0
79380,0.0,0.0,0.0,0.0,99.9,0.0,17.5,23.3,893.4,68.36,15380.0,0.0
79440,0.0,0.0,0.0,0.0,99.9,0.0,17.6,24.9,893.4,68.36,15380.0,0.0
79500,0.0,0.0,0.0,0.0,99.9,0.0,17.6,24.0,893.4,68.36,15380.0,0.0
79560,0.0,0.0,0.0,0.0,99.9,0.0,17.7,24.8,893.4,68.36,15380.0,0.0
79620,0.0,0.0,0.0,0.0,99.9,0.0,17.7,22.7,893.4,68.36,15380.0,0.0
79680,0.0,0.0,0.0,0.0,99.9,0.0,17.6,24.1,893.4,68.36,15380.0,0.0
79740,0.0,0.0,0.0,0.0,99.9,0.0,17.6,23.0,893.4,68.36,15380.0,0.0
79800,0.0,0.0,0.0,0.0,99.9,0.0,17.6,25.1,893.4,68.36,15380.0,0.0
79860,0.0,0.0,0.0,0.0,99.9,0.0,17.6,21.5,893.4,68.36,15380.0,0.0
79920,0.0,0.0,0.0,0.0,99.9,0.0,17.6,24.3,893.4,68.36,15380.0,0.0
79980,0.0,0.0,0.0,0.0,99.9,0.0,17.6,21.7,893.4,68.36,15380.0,0.0
80040,0.0,0.0,0.0,0.0,99.9,0.0,17.6,23.4,893.4,68.36,15380.0,0.0
80100,0.0,0.0,0.0,0.0,99.9,0.0,17.6,24.1,893.4,68.36,15380.0,0.0
80160,0.0,0.0,0.0,0.0,99.9,0.0,17.6,23.8,893.3,68.36,15380.0,0.0
80220,0.0,0.0,0.0,0.0,99.9,0.0,17.6,24.9,893.4,68.36,15380.0,0.0
80280,0.0,0.0,0.0,0.0,99.9,0.0,17.6,24.8,893.3,68.36,15380.0,0.0
80340,0.0,0.0,0.0,0.0,99.9,0.0,17.7,26.5,893.4,68.36,15380.0,0.0
80400,0.0,0.0,0.0,0.0,99.9,0.0,17.7,26.6,893.4,68.36,15380.0,0.0
80460,0.0,0.0,0.0,0.0,99.9,0.0,17.8,22.9,893.4,68.36,15380.0,0.0
80520,0.0,0.0,0.0,0.0,99.9,0.0,17.7,23.7,893.4,68.36,15380.0,0.0
80580,0.0,0.0,0.0,0.0,99.9,0.0,17.6,24.9,893.4,68.36,15380.0,0.0
80640,0.0,0.0,0.0,0.0,99.9,0.0,17.6,24.0,893.4,68.36,15380.0,0.0
80700,0.0,0.0,0.0,0.0,99.9,0.0,17.6,21.2,893.4,68.36,15380.0,0.0
80760,0.0,0.0,0.0,0.0,99.9,0.0,17.5,25.5,893.4,68.36,15380.0,0.0
80820,0.0,0.0,0.0,0.0,99.9,0.0,17.6,24.4,893.4,68.36,15380.0,0.0
80880,0.0,0.0,0.0,0.0,99.9,0.0,17.6,26.3,893.4,68.36,15380.0,0.0
80940,0.0,0.0,0.0,0.0,99.9,0.0,17.7,26.0,893.3,68.36,15380.0,0.0
81000,0.0,0.0,0.0,0.0,99.9,0.0,17.7,25.3,893.2,68.36,15380.0,0.0
81060,0.0,0.0,0.0,0.0,99.9,0.0,17.7,27.7,893.3,68.36,15380.0,0.0
81120,0.0,0.0,0.0,0.0,99.9,0.0,17.7,25.7,893.3,68.36,15380.0,0.0
81180,0.0,0.0,0.0,0.0,99.9,0.0,17.8,28.2,893.3,68.36,15380.0,0.0
81240,0.0,0.0,0.0,0.0,99.9,0.0,17.8,28.1,893.3,68.36,15380.0,0.0
81300,0.0,0.0,0.0,0.0,99.9,0.0,18.0,26.6,893.3,68.36,15380.0,0.0
81360,0.0,0.0,0.0,0.0,99.9,0.0,18.0,25.3,893.2,68.36,15380.0,0.0
81420,0.0,0.0,0.0,0.0,99.9,0.0,17.9,27.9,893.2,68.36,15380.0,0.0
81480,0.0,0.0,0.0,0.0,99.9,0.0,17.9,26.8,893.2,68.36,15380.0,0.0
81540,0.0,0.0,0.0,0.0,99.9,0.0,18.0,28.0,893.2,68.36,15380.0,0.0
81600,0.0,0.0,0.0,0.0,99.9,0.0,18.0,27.9,893.1,68.36,15380.0,0.0
81660,0.0,0.0,0.0,0.0,99.9,0.0,18.0,25.3,893.2,68.36,15380.0,0.0
81720,0.0,0.0,0.0,0.0,99.9,0.0,17.9,25.3,893.1,68.36,15380.0,0.0
81780,0.0,0.0,0.0,0.0,99.9,0.0,17.8,26.9,893.1,68.36,15380.0,0.0
81840,0.0,0.0,0.0,0.0,99.9,0.0,18.0,27.1,893.1,68.36,15380.0,0.0
81900,0.0,0.0,0.0,0.0,99.9,0.0,18.1,25.1,893.1,68.36,15380.0,0.0
81960,0.0,0.0,0.0,0.0,99.9,0.0,18.0,24.8,893.1,68.36,15380.0,0.0
82020,0.0,0.0,0.0,0.0,99.9,0.0,17.9,25.8,893.2,68.36,15380.0,0.0
82080,0.0,0.0,0.0,0.0,99.9,0.0,17.9,25.8,893.2,68.36,15380.0,0.0
82140,0.0,0.0,0.0,0.0,99.9,0.0,17.9,25.5,893.1,68.36,15380.0,0.0
82200,0.0,0.0,0.0,0.0,99.9,0.0,17.8,25.4,893.1,68.36,15380.0,0.0
82260,0.0,0.0,0.0,0.0,99.9,0.0,17.7,26.7,893.1,68.36,15380.0,0.0
82320,0.0,0.0,0.0,0.0,99.9,0.0,17.7,25.9,893.1,68.36,15380.0,0.0
82380,0.0,0.0,0.0,0.0,99.9,0.0,17.7,25.9,893.0,68.36,15380.0,0.0
82440,0.0,0.0,0.0,0.0,99.9,0.0,17.7,26.3,893.0,68.36,15380.0,0.0
82500,0.0,0.0,0.0,0.0,99.9,0.0,17.7,24.7,893.2,68.36,15380.0,0.0
82560,0.0,0.0,0.0,0.0,99.9,0.0,17.7,26.2,893.1,68.36,15380.0,0.0
82620,0.0,0.0,0.0,0.0,99.9,0.0,17.7,25.6,893.1,68.36,15380.0,0.0
82680,0.0,0.0,0.0,0.0,99.9,0.0,17.6,26.2,893.1,68.36,15380.0,0.0
82740,0.0,0.0,0.0,0.0,99.9,0.0,17.6,26.0,893.1,68.36,15380.0,0.0
82800,0.0,0.0,0.0,0.0,99.9,0.0,17.6,26.5,893.1,68.36,15380.0,0.0
82860,0.0,0.0,0.0,0.0,99.9,0.0,17.6,26.0,893.1,68.36,15380.0,0.0
82920,0.0,0.0,0.0,0.0,99.9,0.0,17.6,25.9,893.1,68.36,15380.0,0.0
82980,0.0,0.0,0.0,0.0,99.9,0.0,17.6,26.3,893.1,68.36,15380.0,0.0
83040,0.0,0.0,0.0,0.0,99.9,0.0,17.6,26.2,893.1,68.36,15380.0,0.0
83100,0.0,0.0,0.0,0.0,99.9,0.0,17.6,26.6,893.1,68.36,15380.0,0.0
83160,0.0,0.0,0.0,0.0,99.9,0.0,17.6,26.2,893.1,68.36,15380.0,0.0
83220,0.0,0.0,0.0,0.0,99.9,0.0,17.6,26.3,893.0,68.36,15380.0,0.0
83280,0.0,0.0,0.0,0.0,99.9,0.0,17.6,25.3,893.0,68.36,15380.0,0.0
83340,0.0,0.0,0.0,0.0,99.9,0.0,17.7,27.4,893.0,68.36,15380.0,0.0
83400,0.0,0.0,0.0,0.0,99.9,0.0,17.8,25.3,893.1,68.36,15380.0,0.0
83460,0.0,0.0,0.0,0.0,99.9,0.0,17.7,25.0,892.9,68.36,15380.0,0.0
83520,0.0,0.0,0.0,0.0,99.9,0.0,17.6,25.8,892.9,68.36,15380.0,0.0
83580,0.0,0.0,0.0,0.0,99.9,0.0,17.6,27.7,893.0,68.36,15380.0,0.0
83640,0.0,0.0,0.0,0.0,99.9,0.0,17.7,26.4,893.1,68.36,15380.0,0.0
83700,0.0,0.0,0.0,0.0,99.9,0.0,17.7,25.7,893.1,68.36,15380.0,0.0
83760,0.0,0.0,0.0,0.0,99.9,0.0,17.6,25.0,893.1,68.36,15380.0,0.0
83820,0.0,0.0,0.0,0.0,99.9,0.0,17.5,24.6,893.1,68.36,15380.0,0.0
83880,0.0,0.0,0.0,0.0,99.9,0.0,17.4,27.0,893.1,68.36,15380.0,0.0
83940,0.0,0.0,0.0,0.0,99.9,0.0,17.4,26.5,893.2,68.36,15380.0,0.0
84000,0.0,0.0,0.0,0.0,99.9,0.0,17.5,24.9,893.2,68.36,15380.0,0.0
84060,0.0,0.0,0.0,0.0,99.9,0.0,17.4,25.0,893.1,68.36,15380.0,0.0
84120,0.0,0.0,0.0,0.0,99.9,0.0,17.3,26.4,893.2,68.36,15380.0,0.0
84180,0.0,0.0,0.0,0.0,99.9,0.0,17.3,26.1,893.2,68.36,15380.0,0.0
84240,0.0,0.0,0.0,0.0,99.9,0.0,17.4,25.2,893.2,68.36,15380.0,0.0
84300,0.0,0.0,0.0,0.0,99.9,0.0,17.4,24.6,893.2,68.36,15380.0,0.0
84360,0.0,0.0,0.0,0.0,99.9,0.0,17.2,24.7,893.1,68.36,15380.0,0.0
84420,0.0,0.0,0.0,0.0,99.9,0.0,17.1,27.0,893.1,68.36,15380.0,0.0
84480,0.0,0.0,0.0,0.0,99.9,0.0,17.3,26.9,893.1,68.36,15380.0,0.0
84540,0.0,0.0,0.0,0.0,99.9,0.0,17.3,24.8,893.2,68.36,15380.0,0.0
84600,0.0,0.0,0.0,0.0,99.9,0.0,17.2,24.1,893.1,68.36,15380.0,0.0
84660,0.0,0.0,0.0,0.0,99.9,0.0,17.1,26.8,893.1,68.36,15380.0,0.0
84720,0.0,0.0,0.0,0.0,99.9,0.0,17.2,28.1,893.2,68.36,15380.0,0.0
84780,0.0,0.0,0.0,0.0,99.9,0.0,17.4,26.1,893.2,68.36,15380.0,0.0
84840,0.0,0.0,0.0,0.0,99.9,0.0,17.3,25.4,893.0,68.36,15380.0,0.0
84900,0.0,0.0,0.0,0.0,99.9,0.0,17.2,26.7,893.1,68.36,15380.0,0.0
84960,0.0,0.0,0.0,0.0,99.9,0.0,17.2,27.5,893.1,68.36,15380.0,0.0
85020,0.0,0.0,0.0,0.0,99.9,0.0,17.2,25.6,893.2,68.36,15380.0,0.0
85080,0.0,0.0,0.0,0.0,99.9,0.0,17.2,26.8,893.1,68.36,15380.0,0.0
85140,0.0,0.0,0.0,0.0,99.9,0.0,17.2,26.9,893.1,68.36,15380.0,0.0
85200,0.0,0.0,0.0,0.0,99.9,0.0,17.2,25.6,893.1,68.36,15380.0,0.0
85260,0.0,0.0,0.0,0.0,99.9,0.0,17.1,26.1,893.1,68.36,15380.0,0.0
85320,0.0,0.0,0.0,0.0,99.9,0.0,17.0,25.7,893.2,68.36,15380.0,0.0
85380,0.0,0.0,0.0,0.0,99.9,0.0,17.0,26.8,893.2,68.36,15380.0,0.0
85440,0.0,0.0,0.0,0.0,99.9,0.0,17.1,25.8,893.2,68.36,15380.0,0.0
85500,0.0,0.0,0.0,0.0,99.9,0.0,17.1,25.4,893.2,68.36,15380.0,0.0
85560,0.0,0.0,0.0,0.0,99.9,0.0,17.0,27.1,893.2,68.36,15380.0,0.0
85620,0.0,0.0,0.0,0.0,99.9,0.0,17.0,26.8,893.2,68.36,15380.0,0.0
85680,0.0,0.0,0.0,0.0,99.9,0.0,17.0,27.8,893.2,68.36,15380.0,0.0
85740,0.0,0.0,0.0,0.0,99.9,0.0,17.1,25.1,893.2,68.36,15380.0,0.0
85800,0.0,0.0,0.0,0.0,99.9,0.0,17.0,26.2,893.2,68.36,15380.0,0.0
85860,0.0,0.0,0.0,0.0,99.9,0.0,17.0,25.9,893.3,68.36,15380.0,0.0
85920,0.0,0.0,0.0,0.0,99.9,0.0,17.0,27.3,893.2,68.36,15380.0,0.0
85980,0.0,0.0,0.0,0.0,99.9,0.0,17.0,25.8,893.2,68.36,15380.0,0.0
86040,0.0,0.0,0.0,0.0,99.9,0.0,16.9,25.4,893.3,68.36,15380.0,0.0
86100,0.0,0.0,0.0,0.0,99.9,0.0,16.8,26.6,893.1,68.36,15380.0,0.0
86160,0.0,0.0,0.0,0.0,99.9,0.0,16.9,27.3,893.2,68.36,15380.0,0.0
86220,0.0,0.0,0.0,0.0,99.9,0.0,16.9,26.5,893.1,68.36,15380.0,0.0
86280,0.0,0.0,0.0,0.0,99.9,0.0,17.0,26.3,893.3,68.36,15380.0,0.0
86340,0.0,0.0,0.0,0.0,99.9,0.0,17.0,26.2,893.2,68.36,15380.0,0.0
