t,Dn,Dm,Dx,Sn,Sm,Sx,Ta,Ua,Pa,Rc,Rd,Ri
0,0.0,0.0,0.0,0.0,99.9,0.0,14.4,53.5,746.8,85.08,4170.0,0.0
60,0.0,0.0,0.0,0.0,99.9,0.0,14.4,54.6,746.8,85.08,4170.0,0.0
120,0.0,0.0,0.0,0.0,99.9,0.0,14.4,55.1,746.9,85.08,4170.0,0.0
180,0.0,0.0,0.0,0.0,99.9,0.0,14.4,56.1,746.8,85.08,4170.0,0.0
240,0.0,0.0,0.0,0.0,99.9,0.0,14.5,56.0,746.8,85.08,4170.0,0.0
300,0.0,0.0,0.0,0.0,99.9,0.0,14.5,55.2,746.8,85.08,4170.0,0.0
360,0.0,0.0,0.0,0.0,99.9,0.0,14.5,55.9,746.8,85.08,4170.0,0.0
420,0.0,0.0,0.0,0.0,99.9,0.0,14.4,56.0,746.8,85.08,4170.0,0.0
480,0.0,0.0,0.0,0.0,99.9,0.0,14.4,56.1,746.9,85.08,4170.0,0.0
540,0.0,0.0,0.0,0.0,99.9,0.0,14.4,55.6,746.9,85.08,4170.0,0.0
600,0.0,0.0,0.0,0.0,99.9,0.0,14.4,56.5,746.8,85.08,4170.0,0.0
660,0.0,0.0,0.0,0.0,99.9,0.0,14.4,53.3,746.8,85.08,4170.0,0.0
720,0.0,0.0,0.0,0.0,99.9,0.0,14.4,56.9,746.9,85.08,4170.0,0.0
780,0.0,0.0,0.0,0.0,99.9,0.0,14.4,56.7,746.9,85.08,4170.0,0.0
840,0.0,0.0,0.0,0.0,99.9,0.0,14.4,56.7,746.9,85.08,4170.0,0.0
900,0.0,0.0,0.0,0.0,99.9,0.0,14.3,56.3,746.9,85.08,4170.0,0.0
960,0.0,0.0,0.0,0.0,99.9,0.0,14.3,55.5,746.9,85.08,4170.0,0.0
1020,0.0,0.0,0.0,0.0,99.9,0.0,14.3,55.2,746.9,85.08,4170.0,0.0
1080,0.0,0.0,0.0,0.0,99.9,0.0,14.3,55.8,746.9,85.08,4170.0,0.0
1140,0.0,0.0,0.0,0.0,99.9,0.0,14.3,55.7,746.9,85.08,4170.0,0.0
1200,0.0,0.0,0.0,0.0,99.9,0.0,14.3,55.2,746.9,85.08,4170.0,0.0
1260,0.0,0.0,0.0,0.0,99.9,0.0,14.3,55.4,746.9,85.08,4170.0,0.0
1320,0.0,0.0,0.0,0.0,99.9,0.0,14.3,55.1,746.9,85.08,4170.0,0.0
1380,0.0,0.0,0.0,0.0,99.9,0.0,14.3,55.1,746.8,85.08,4170.0,0.0
1440,0.0,0.0,0.0,0.0,99.9,0.0,14.3,55.3,746.8,85.08,4170.0,0.0
1500,0.0,0.0,0.0,0.0,99.9,0.0,14.3,55.2,746.8,85.08,4170.0,0.0
1560,0.0,0.0,0.0,0.0,99.9,0.0,14.3,55.5,746.9,85.08,4170.0,0.0
1620,0.0,0.0,0.0,0.0,99.9,0.0,14.3,55.2,746.9,85.08,4170.0,0.0
1680,0.0,0.0,0.0,0.0,99.9,0.0,14.3,54.0,746.9,85.08,4170.0,0.0
1740,0.0,0.0,0.0,0.0,99.9,0.0,14.3,52.8,746.9,85.08,4170.0,0.0
1800,0.0,0.0,0.0,0.0,99.9,0.0,14.3,53.6,746.9,85.08,4170.0,0.0
1860,0.0,0.0,0.0,0.0,99.9,0.0,14.3,54.2,746.9,85.08,4170.0,0.0
1920,0.0,0.0,0.0,0.0,99.9,0.0,14.3,53.5,746.9,85.08,4170.0,0.0
1980,0.0,0.0,0.0,0.0,99.9,0.0,14.4,52.5,746.9,85.08,4170.0,0.0
2040,0.0,0.0,0.0,0.0,99.9,0.0,14.4,51.3,746.8,85.08,4170.0,0.0
2100,0.0,0.0,0.0,0.0,99.9,0.0,14.4,51.4,746.8,85.08,4170.0,0.0
2160,0.0,0.0,0.0,0.0,99.9,0.0,14.4,51.6,746.8,85.08,4170.0,0.0
2220,0.0,0.0,0.0,0.0,99.9,0.0,14.5,51.0,746.9,85.08,4170.0,0.0
2280,0.0,0.0,0.0,0.0,99.9,0.0,14.5,51.0,746.9,85.08,4170.0,0.0
2340,0.0,0.0,0.0,0.0,99.9,0.0,14.5,50.4,746.9,85.08,4170.0,0.0
2400,0.0,0.0,0.0,0.0,99.9,0.0,14.5,49.7,746.9,85.08,4170.0,0.0
2460,0.0,0.0,0.0,0.0,99.9,0.0,14.5,49.4,746.9,85.08,4170.0,0.0
2520,0.0,0.0,0.0,0.0,99.9,0.0,14.5,49.0,746.9,85.08,4170.0,0.0
2580,0.0,0.0,0.0,0.0,99.9,0.0,14.6,49.2,746.9,85.08,4170.0,0.0
2640,0.0,0.0,0.0,0.0,99.9,0.0,14.6,48.9,746.9,85.08,4170.0,0.0
2700,0.0,0.0,0.0,0.0,99.9,0.0,14.7,48.8,746.8,85.08,4170.0,0.0
2760,0.0,0.0,0.0,0.0,99.9,0.0,14.6,48.8,746.9,85.08,4170.0,0.0
2820,0.0,0.0,0.0,0.0,99.9,0.0,14.6,48.8,746.8,85.08,4170.0,0.0
2880,0.0,0.0,0.0,0.0,99.9,0.0,14.6,48.8,746.8,85.08,4170.0,0.0
2940,0.0,0.0,0.0,0.0,99.9,0.0,14.6,48.8,746.9,85.08,4170.0,0.0
3000,0.0,0.0,0.0,0.0,99.9,0.0,14.7,48.8,746.8,85.08,4170.0,0.0
3060,0.0,0.0,0.0,0.0,99.9,0.0,14.7,48.9,746.8,85.08,4170.0,0.0
3120,0.0,0.0,0.0,0.0,99.9,0.0,14.7,48.9,746.8,85.08,4170.0,0.0
3180,0.0,0.0,0.0,0.0,99.9,0.0,14.7,48.7,746.8,85.08,4170.0,0.0
3240,0.0,0.0,0.0,0.0,99.9,0.0,14.7,48.8,746.8,85.08,4170.0,0.0
3300,0.0,0.0,0.0,0.0,99.9,0.0,14.7,48.8,746.8,85.08,4170.0,0.0
3360,0.0,0.0,0.0,0.0,99.9,0.0,14.7,48.8,746.8,85.08,4170.0,0.0
3420,0.0,0.0,0.0,0.0,99.9,0.0,14.7,48.9,746.8,85.08,4170.0,0.0
3480,0.0,0.0,0.0,0.0,99.9,0.0,14.6,49.0,746.8,85.08,4170.0,0.0
3540,0.0,0.0,0.0,0.0,99.9,0.0,14.6,49.3,746.8,85.08,4170.0,0.0
3600,0.0,0.0,0.0,0.0,99.9,0.0,14.6,49.4,746.8,85.08,4170.0,0.0
3660,0.0,0.0,0.0,0.0,99.9,0.0,14.6,49.5,746.8,85.08,4170.0,0.0
3720,0.0,0.0,0.0,0.0,99.9,0.0,14.6,49.4,746.8,85.08,4170.0,0.0
3780,0.0,0.0,0.0,0.0,99.9,0.0,14.6,49.3,746.8,85.08,4170.0,0.0
3840,0.0,0.0,0.0,0.0,99.9,0.0,14.6,49.3,746.8,85.08,4170.0,0.0
3900,0.0,0.0,0.0,0.0,99.9,0.0,14.6,49.5,746.8,85.08,4170.0,0.0
3960,0.0,0.0,0.0,0.0,99.9,0.0,14.6,49.5,746.8,85.08,4170.0,0.0
4020,0.0,0.0,0.0,0.0,99.9,0.0,14.6,49.4,746.8,85.08,4170.0,0.0
4080,0.0,0.0,0.0,0.0,99.9,0.0,14.6,49.4,746.8,85.08,4170.0,0.0
4140,0.0,0.0,0.0,0.0,99.9,0.0,14.6,49.5,746.8,85.08,4170.0,0.0
4200,0.0,0.0,0.0,0.0,99.9,0.0,14.6,50.2,746.7,85.08,4170.0,0.0
4260,0.0,0.0,0.0,0.0,99.9,0.0,14.6,50.2,746.7,85.08,4170.0,0.0
4320,0.0,0.0,0.0,0.0,99.9,0.0,14.6,49.9,746.7,85.08,4170.0,0.0
4380,0.0,0.0,0.0,0.0,99.9,0.0,14.6,50.0,746.7,85.08,4170.0,0.0
4440,0.0,0.0,0.0,0.0,99.9,0.0,14.6,50.1,746.7,85.08,4170.0,0.0
4500,0.0,0.0,0.0,0.0,99.9,0.0,14.6,50.1,746.7,85.08,4170.0,0.0
4560,0.0,0.0,0.0,0.0,99.9,0.0,14.6,50.0,746.7,85.08,4170.0,0.0
4620,0.0,0.0,0.0,0.0,99.9,0.0,14.6,49.9,746.7,85.08,4170.0,0.0
4680,0.0,0.0,0.0,0.0,99.9,0.0,14.7,49.5,746.7,85.08,4170.0,0.0
4740,0.0,0.0,0.0,0.0,99.9,0.0,14.7,49.9,746.7,85.08,4170.0,0.0
4800,0.0,0.0,0.0,0.0,99.9,0.0,14.7,50.2,746.7,85.08,4170.0,0.0
4860,0.0,0.0,0.0,0.0,99.9,0.0,14.7,50.1,746.7,85.08,4170.0,0.0
4920,0.0,0.0,0.0,0.0,99.9,0.0,14.6,50.4,746.7,85.08,4170.0,0.0
4980,0.0,0.0,0.0,0.0,99.9,0.0,14.6,50.6,746.7,85.08,4170.0,0.0
5040,0.0,0.0,0.0,0.0,99.9,0.0,14.6,50.7,746.7,85.08,4170.0,0.0
5100,0.0,0.0,0.0,0.0,99.9,0.0,14.6,50.7,746.7,85.08,4170.0,0.0
5160,0.0,0.0,0.0,0.0,99.9,0.0,14.6,50.6,746.6,85.08,4170.0,0.0
5220,0.0,0.0,0.0,0.0,99.9,0.0,14.6,50.5,746.6,85.08,4170.0,0.0
5280,0.0,0.0,0.0,0.0,99.9,0.0,14.6,50.2,746.6,85.08,4170.0,0.0
5340,0.0,0.0,0.0,0.0,99.9,0.0,14.6,49.9,746.6,85.08,4170.0,0.0
5400,0.0,0.0,0.0,0.0,99.9,0.0,14.7,50.2,746.6,85.08,4170.0,0.0
5460,0.0,0.0,0.0,0.0,99.9,0.0,14.7,50.2,746.6,85.08,4170.0,0.0
5520,0.0,0.0,0.0,0.0,99.9,0.0,14.6,50.4,746.6,85.08,4170.0,0.0
5580,0.0,0.0,0.0,0.0,99.9,0.0,14.6,50.5,746.6,85.08,4170.0,0.0
5640,0.0,0.0,0.0,0.0,99.9,0.0,14.6,50.2,746.6,85.08,4170.0,0.0
5700,0.0,0.0,0.0,0.0,99.9,0.0,14.6,49.0,746.6,85.08,4170.0,0.0
5760,0.0,0.0,0.0,0.0,99.9,0.0,14.6,49.0,746.6,85.08,4170.0,0.0
5820,0.0,0.0,0.0,0.0,99.9,0.0,14.6,48.3,746.6,85.08,4170.0,0.0
5880,0.0,0.0,0.0,0.0,99.9,0.0,14.7,48.2,746.6,85.08,4170.0,0.0
5940,0.0,0.0,0.0,0.0,99.9,0.0,14.7,48.6,746.5,85.08,4170.0,0.0
6000,0.0,0.0,0.0,0.0,99.9,0.0,14.7,49.1,746.5,85.08,4170.0,0.0
6060,0.0,0.0,0.0,0.0,99.9,0.0,14.6,49.4,746.5,85.08,4170.0,0.0
6120,0.0,0.0,0.0,0.0,99.9,0.0,14.6,49.8,746.6,85.08,4170.0,0.0
6180,0.0,0.0,0.0,0.0,99.9,0.0,14.6,50.3,746.5,85.08,4170.0,0.0
6240,0.0,0.0,0.0,0.0,99.9,0.0,14.5,50.2,746.6,85.08,4170.0,0.0
6300,0.0,0.0,0.0,0.0,99.9,0.0,14.5,50.5,746.6,85.08,4170.0,0.0
6360,0.0,0.0,0.0,0.0,99.9,0.0,14.5,50.7,746.6,85.08,4170.0,0.0
6420,0.0,0.0,0.0,0.0,99.9,0.0,14.4,50.8,746.6,85.08,4170.0,0.0
6480,0.0,0.0,0.0,0.0,99.9,0.0,14.4,50.9,746.6,85.08,4170.0,0.0
6540,0.0,0.0,0.0,0.0,99.9,0.0,14.4,51.0,746.6,85.08,4170.0,0.0
6600,0.0,0.0,0.0,0.0,99.9,0.0,14.4,51.5,746.6,85.08,4170.0,0.0
6660,0.0,0.0,0.0,0.0,99.9,0.0,14.4,54.4,746.6,85.08,4170.0,0.0
6720,0.0,0.0,0.0,0.0,99.9,0.0,14.3,53.8,746.6,85.08,4170.0,0.0
6780,0.0,0.0,0.0,0.0,99.9,0.0,14.3,56.0,746.6,85.08,4170.0,0.0
6840,0.0,0.0,0.0,0.0,99.9,0.0,14.2,56.1,746.6,85.08,4170.0,0.0
6900,0.0,0.0,0.0,0.0,99.9,0.0,14.2,52.1,746.6,85.08,4170.0,0.0
6960,0.0,0.0,0.0,0.0,99.9,0.0,14.2,53.1,746.5,85.08,4170.0,0.0
7020,0.0,0.0,0.0,0.0,99.9,0.0,14.3,52.4,746.5,85.08,4170.0,0.0
7080,0.0,0.0,0.0,0.0,99.9,0.0,14.3,52.8,746.5,85.08,4170.0,0.0
7140,0.0,0.0,0.0,0.0,99.9,0.0,14.3,52.1,746.5,85.08,4170.0,0.0
7200,0.0,0.0,0.0,0.0,99.9,0.0,14.3,52.9,746.5,85.08,4170.0,0.0
7260,0.0,0.0,0.0,0.0,99.9,0.0,14.3,51.5,746.5,85.08,4170.0,0.0
7320,0.0,0.0,0.0,0.0,99.9,0.0,14.3,52.4,746.5,85.08,4170.0,0.0
7380,0.0,0.0,0.0,0.0,99.9,0.0,14.3,52.9,746.4,85.08,4170.0,0.0
7440,0.0,0.0,0.0,0.0,99.9,0.0,14.3,51.7,746.5,85.08,4170.0,0.0
7500,0.0,0.0,0.0,0.0,99.9,0.0,14.3,52.8,746.5,85.08,4170.0,0.0
7560,0.0,0.0,0.0,0.0,99.9,0.0,14.3,52.3,746.4,85.08,4170.0,0.0
7620,0.0,0.0,0.0,0.0,99.9,0.0,14.3,52.3,746.4,85.08,4170.0,0.0
7680,0.0,0.0,0.0,0.0,99.9,0.0,14.2,54.6,746.4,85.08,4170.0,0.0
7740,0.0,0.0,0.0,0.0,99.9,0.0,14.2,57.4,746.4,85.08,4170.0,0.0
7800,0.0,0.0,0.0,0.0,99.9,0.0,14.1,57.7,746.4,85.08,4170.0,0.0
7860,0.0,0.0,0.0,0.0,99.9,0.0,14.1,51.9,746.4,85.08,4170.0,0.0
7920,0.0,0.0,0.0,0.0,99.9,0.0,14.2,52.9,746.4,85.08,4170.0,0.0
7980,0.0,0.0,0.0,0.0,99.9,0.0,14.2,54.4,746.4,85.08,4170.0,0.0
8040,0.0,0.0,0.0,0.0,99.9,0.0,14.2,53.3,746.4,85.08,4170.0,0.0
8100,0.0,0.0,0.0,0.0,99.9,0.0,14.2,52.5,746.4,85.08,4170.0,0.0
8160,0.0,0.0,0.0,0.0,99.9,0.0,14.2,54.4,746.4,85.08,4170.0,0.0
8220,0.0,0.0,0.0,0.0,99.9,0.0,14.1,53.5,746.4,85.08,4170.0,0.0
8280,0.0,0.0,0.0,0.0,99.9,0.0,14.1,52.8,746.4,85.08,4170.0,0.0
8340,0.0,0.0,0.0,0.0,99.9,0.0,14.2,52.1,746.4,85.08,4170.0,0.0
8400,0.0,0.0,0.0,0.0,99.9,0.0,14.2,52.4,746.4,85.08,4170.0,0.0
8460,0.0,0.0,0.0,0.0,99.9,0.0,14.2,52.3,746.4,85.08,4170.0,0.0
8520,0.0,0.0,0.0,0.0,99.9,0.0,14.2,52.5,746.4,85.08,4170.0,0.0
8580,0.0,0.0,0.0,0.0,99.9,0.0,14.2,52.5,746.5,85.08,4170.0,0.0
8640,0.0,0.0,0.0,0.0,99.9,0.0,14.2,52.2,746.5,85.08,4170.0,0.0
8700,0.0,0.0,0.0,0.0,99.9,0.0,14.2,52.3,746.4,85.08,4170.0,0.0
8760,0.0,0.0,0.0,0.0,99.9,0.0,14.2,52.4,746.4,85.08,4170.0,0.0
8820,0.0,0.0,0.0,0.0,99.9,0.0,14.2,52.5,746.4,85.08,4170.0,0.0
8880,0.0,0.0,0.0,0.0,99.9,0.0,14.2,52.8,746.4,85.08,4170.0,0.0
8940,0.0,0.0,0.0,0.0,99.9,0.0,14.2,52.8,746.4,85.08,4170.0,0.0
9000,0.0,0.0,0.0,0.0,99.9,0.0,14.1,53.2,746.4,85.08,4170.0,0.0
9060,0.0,0.0,0.0,0.0,99.9,0.0,14.1,53.4,746.4,85.08,4170.0,0.0
9120,0.0,0.0,0.0,0.0,99.9,0.0,14.1,54.1,746.4,85.08,4170.0,0.0
9180,0.0,0.0,0.0,0.0,99.9,0.0,14.1,54.3,746.4,85.08,4170.0,0.0
9240,0.0,0.0,0.0,0.0,99.9,0.0,14.1,56.1,746.4,85.08,4170.0,0.0
9300,0.0,0.0,0.0,0.0,99.9,0.0,14.0,54.7,746.4,85.08,4170.0,0.0
9360,0.0,0.0,0.0,0.0,99.9,0.0,14.0,54.7,746.4,85.08,4170.0,0.0
9420,0.0,0.0,0.0,0.0,99.9,0.0,14.0,56.4,746.4,85.08,4170.0,0.0
9480,0.0,0.0,0.0,0.0,99.9,0.0,14.0,59.1,746.4,85.08,4170.0,0.0
9540,0.0,0.0,0.0,0.0,99.9,0.0,14.0,57.5,746.4,85.08,4170.0,0.0
9600,0.0,0.0,0.0,0.0,99.9,0.0,14.0,55.1,746.4,85.08,4170.0,0.0
9660,0.0,0.0,0.0,0.0,99.9,0.0,14.0,54.8,746.4,85.08,4170.0,0.0
9720,0.0,0.0,0.0,0.0,99.9,0.0,14.0,56.7,746.4,85.08,4170.0,0.0
9780,0.0,0.0,0.0,0.0,99.9,0.0,14.0,56.0,746.4,85.08,4170.0,0.0
9840,0.0,0.0,0.0,0.0,99.9,0.0,14.0,56.1,746.4,85.08,4170.0,0.0
9900,0.0,0.0,0.0,0.0,99.9,0.0,14.0,55.6,746.4,85.08,4170.0,0.0
9960,0.0,0.0,0.0,0.0,99.9,0.0,14.0,56.1,746.4,85.08,4170.0,0.0
10020,0.0,0.0,0.0,0.0,99.9,0.0,13.9,56.8,746.3,85.08,4170.0,0.0
10080,0.0,0.0,0.0,0.0,99.9,0.0,13.9,58.2,746.3,85.08,4170.0,0.0
10140,0.0,0.0,0.0,0.0,99.9,0.0,13.9,58.4,746.3,85.08,4170.0,0.0
10200,0.0,0.0,0.0,0.0,99.9,0.0,13.9,59.1,746.3,85.08,4170.0,0.0
10260,0.0,0.0,0.0,0.0,99.9,0.0,13.8,59.4,746.3,85.08,4170.0,0.0
10320,0.0,0.0,0.0,0.0,99.9,0.0,13.8,58.9,746.3,85.08,4170.0,0.0
10380,0.0,0.0,0.0,0.0,99.9,0.0,13.8,59.6,746.3,85.08,4170.0,0.0
10440,0.0,0.0,0.0,0.0,99.9,0.0,13.8,59.2,746.3,85.08,4170.0,0.0
10500,0.0,0.0,0.0,0.0,99.9,0.0,13.8,58.6,746.2,85.08,4170.0,0.0
10560,0.0,0.0,0.0,0.0,99.9,0.0,13.8,59.0,746.3,85.08,4170.0,0.0
10620,0.0,0.0,0.0,0.0,99.9,0.0,13.8,57.3,746.2,85.08,4170.0,0.0
10680,0.0,0.0,0.0,0.0,99.9,0.0,13.8,60.0,746.3,85.08,4170.0,0.0
10740,0.0,0.0,0.0,0.0,99.9,0.0,13.8,58.7,746.2,85.08,4170.0,0.0
10800,0.0,0.0,0.0,0.0,99.9,0.0,13.8,58.6,746.3,85.08,4170.0,0.0
10860,0.0,0.0,0.0,0.0,99.9,0.0,13.8,60.2,746.2,85.08,4170.0,0.0
10920,0.0,0.0,0.0,0.0,99.9,0.0,13.7,59.9,746.3,85.08,4170.0,0.0
10980,0.0,0.0,0.0,0.0,99.9,0.0,13.7,58.5,746.2,85.08,4170.0,0.0
11040,0.0,0.0,0.0,0.0,99.9,0.0,13.7,59.7,746.2,85.08,4170.0,0.0
11100,0.0,0.0,0.0,0.0,99.9,0.0,13.7,59.2,746.3,85.08,4170.0,0.0
11160,0.0,0.0,0.0,0.0,99.9,0.0,13.7,59.0,746.3,85.08,4170.0,0.0
11220,0.0,0.0,0.0,0.0,99.9,0.0,13.7,60.5,746.3,85.08,4170.0,0.0
11280,0.0,0.0,0.0,0.0,99.9,0.0,13.7,59.5,746.3,85.08,4170.0,0.0
11340,0.0,0.0,0.0,0.0,99.9,0.0,13.7,58.6,746.3,85.08,4170.0,0.0
11400,0.0,0.0,0.0,0.0,99.9,0.0,13.7,57.7,746.3,85.08,4170.0,0.0
11460,0.0,0.0,0.0,0.0,99.9,0.0,13.7,57.8,746.3,85.08,4170.0,0.0
11520,0.0,0.0,0.0,0.0,99.9,0.0,13.7,58.5,746.3,85.08,4170.0,0.0
11580,0.0,0.0,0.0,0.0,99.9,0.0,13.7,58.8,746.2,85.08,4170.0,0.0
11640,0.0,0.0,0.0,0.0,99.9,0.0,13.7,58.5,746.2,85.08,4170.0,0.0
11700,0.0,0.0,0.0,0.0,99.9,0.0,13.7,58.7,746.2,85.08,4170.0,0.0
11760,0.0,0.0,0.0,0.0,99.9,0.0,13.7,60.0,746.2,85.08,4170.0,0.0
11820,0.0,0.0,0.0,0.0,99.9,0.0,13.7,60.3,746.2,85.08,4170.0,0.0
11880,0.0,0.0,0.0,0.0,99.9,0.0,13.6,60.0,746.2,85.08,4170.0,0.0
11940,0.0,0.0,0.0,0.0,99.9,0.0,13.6,59.8,746.2,85.08,4170.0,0.0
12000,0.0,0.0,0.0,0.0,99.9,0.0,13.6,58.6,746.2,85.08,4170.0,0.0
12060,0.0,0.0,0.0,0.0,99.9,0.0,13.6,59.7,746.2,85.08,4170.0,0.0
12120,0.0,0.0,0.0,0.0,99.9,0.0,13.6,60.3,746.2,85.08,4170.0,0.0
12180,0.0,0.0,0.0,0.0,99.9,0.0,13.6,60.0,746.2,85.08,4170.0,0.0
12240,0.0,0.0,0.0,0.0,99.9,0.0,13.6,58.4,746.1,85.08,4170.0,0.0
12300,0.0,0.0,0.0,0.0,99.9,0.0,13.6,58.0,746.2,85.08,4170.0,0.0
12360,0.0,0.0,0.0,0.0,99.9,0.0,13.6,58.6,746.2,85.08,4170.0,0.0
12420,0.0,0.0,0.0,0.0,99.9,0.0,13.6,59.1,746.1,85.08,4170.0,0.0
12480,0.0,0.0,0.0,0.0,99.9,0.0,13.6,58.9,746.1,85.08,4170.0,0.0
12540,0.0,0.0,0.0,0.0,99.9,0.0,13.6,59.5,746.1,85.08,4170.0,0.0
12600,0.0,0.0,0.0,0.0,99.9,0.0,13.5,59.7,746.1,85.08,4170.0,0.0
12660,0.0,0.0,0.0,0.0,99.9,0.0,13.5,58.8,746.0,85.08,4170.0,0.0
12720,0.0,0.0,0.0,0.0,99.9,0.0,13.5,58.4,746.0,85.08,4170.0,0.0
12780,0.0,0.0,0.0,0.0,99.9,0.0,13.6,58.5,746.0,85.08,4170.0,0.0
12840,0.0,0.0,0.0,0.0,99.9,0.0,13.6,58.7,746.0,85.08,4170.0,0.0
12900,0.0,0.0,0.0,0.0,99.9,0.0,13.5,59.1,746.1,85.08,4170.0,0.0
12960,0.0,0.0,0.0,0.0,99.9,0.0,13.5,59.9,746.1,85.08,4170.0,0.0
13020,0.0,0.0,0.0,0.0,99.9,0.0,13.5,60.3,746.0,85.08,4170.0,0.0
13080,0.0,0.0,0.0,0.0,99.9,0.0,13.5,59.9,746.0,85.08,4170.0,0.0
13140,0.0,0.0,0.0,0.0,99.9,0.0,13.4,59.2,746.0,85.08,4170.0,0.0
13200,0.0,0.0,0.0,0.0,99.9,0.0,13.5,59.0,746.0,85.08,4170.0,0.0
13260,0.0,0.0,0.0,0.0,99.9,0.0,13.5,59.0,746.0,85.08,4170.0,0.0
13320,0.0,0.0,0.0,0.0,99.9,0.0,13.4,59.1,746.0,85.08,4170.0,0.0
13380,0.0,0.0,0.0,0.0,99.9,0.0,13.4,59.0,746.0,85.08,4170.0,0.0
13440,0.0,0.0,0.0,0.0,99.9,0.0,13.4,59.0,746.0,85.08,4170.0,0.0
13500,0.0,0.0,0.0,0.0,99.9,0.0,13.4,59.3,746.0,85.08,4170.0,0.0
13560,0.0,0.0,0.0,0.0,99.9,0.0,13.4,59.4,746.0,85.08,4170.0,0.0
13620,0.0,0.0,0.0,0.0,99.9,0.0,13.4,59.8,746.0,85.08,4170.0,0.0
13680,0.0,0.0,0.0,0.0,99.9,0.0,13.4,59.8,746.0,85.08,4170.0,0.0
13740,0.0,0.0,0.0,0.0,99.9,0.0,13.4,59.9,746.0,85.08,4170.0,0.0
13800,0.0,0.0,0.0,0.0,99.9,0.0,13.4,59.9,746.0,85.08,4170.0,0.0
13860,0.0,0.0,0.0,0.0,99.9,0.0,13.4,60.0,746.0,85.08,4170.0,0.0
13920,0.0,0.0,0.0,0.0,99.9,0.0,13.4,60.0,746.0,85.08,4170.0,0.0
13980,0.0,0.0,0.0,0.0,99.9,0.0,13.4,60.1,746.0,85.08,4170.0,0.0
14040,0.0,0.0,0.0,0.0,99.9,0.0,13.4,59.8,746.0,85.08,4170.0,0.0
14100,0.0,0.0,0.0,0.0,99.9,0.0,13.3,60.1,746.0,85.08,4170.0,0.0
14160,0.0,0.0,0.0,0.0,99.9,0.0,13.3,60.2,746.0,85.08,4170.0,0.0
14220,0.0,0.0,0.0,0.0,99.9,0.0,13.3,60.4,746.0,85.08,4170.0,0.0
14280,0.0,0.0,0.0,0.0,99.9,0.0,13.3,60.6,746.0,85.08,4170.0,0.0
14340,0.0,0.0,0.0,0.0,99.9,0.0,13.3,60.6,746.0,85.08,4170.0,0.0
14400,0.0,0.0,0.0,0.0,99.9,0.0,13.3,60.7,746.0,85.08,4170.0,0.0
14460,0.0,0.0,0.0,0.0,99.9,0.0,13.3,60.1,746.0,85.08,4170.0,0.0
14520,0.0,0.0,0.0,0.0,99.9,0.0,13.3,60.5,746.0,85.08,4170.0,0.0
14580,0.0,0.0,0.0,0.0,99.9,0.0,13.3,60.7,746.0,85.08,4170.0,0.0
14640,0.0,0.0,0.0,0.0,99.9,0.0,13.3,60.9,746.0,85.08,4170.0,0.0
14700,0.0,0.0,0.0,0.0,99.9,0.0,13.3,61.1,746.1,85.08,4170.0,0.0
14760,0.0,0.0,0.0,0.0,99.9,0.0,13.3,60.9,746.0,85.08,4170.0,0.0
14820,0.0,0.0,0.0,0.0,99.9,0.0,13.3,61.2,746.0,85.08,4170.0,0.0
14880,0.0,0.0,0.0,0.0,99.9,0.0,13.3,61.5,746.0,85.08,4170.0,0.0
14940,0.0,0.0,0.0,0.0,99.9,0.0,13.2,61.7,746.0,85.08,4170.0,0.0
15000,0.0,0.0,0.0,0.0,99.9,0.0,13.2,61.7,746.0,85.08,4170.0,0.0
15060,0.0,0.0,0.0,0.0,99.9,0.0,13.2,61.7,746.0,85.08,4170.0,0.0
15120,0.0,0.0,0.0,0.0,99.9,0.0,13.2,61.8,746.0,85.08,4170.0,0.0
15180,0.0,0.0,0.0,0.0,99.9,0.0,13.2,61.9,746.0,85.08,4170.0,0.0
15240,0.0,0.0,0.0,0.0,99.9,0.0,13.2,62.5,746.0,85.08,4170.0,0.0
15300,0.0,0.0,0.0,0.0,99.9,0.0,13.2,62.7,746.0,85.08,4170.0,0.0
15360,0.0,0.0,0.0,0.0,99.9,0.0,13.1,62.7,746.0,85.08,4170.0,0.0
15420,0.0,0.0,0.0,0.0,99.9,0.0,13.2,62.5,746.0,85.08,4170.0,0.0
15480,0.0,0.0,0.0,0.0,99.9,0.0,13.2,63.0,746.0,85.08,4170.0,0.0
15540,0.0,0.0,0.0,0.0,99.9,0.0,13.1,63.0,746.0,85.08,4170.0,0.0
15600,0.0,0.0,0.0,0.0,99.9,0.0,13.2,62.4,746.0,85.08,4170.0,0.0
15660,0.0,0.0,0.0,0.0,99.9,0.0,13.1,63.1,746.0,85.08,4170.0,0.0
15720,0.0,0.0,0.0,0.0,99.9,0.0,13.1,62.7,746.0,85.08,4170.0,0.0
15780,0.0,0.0,0.0,0.0,99.9,0.0,13.1,63.0,746.0,85.08,4170.0,0.0
15840,0.0,0.0,0.0,0.0,99.9,0.0,13.1,63.1,746.0,85.08,4170.0,0.0
15900,0.0,0.0,0.0,0.0,99.9,0.0,13.1,63.3,746.0,85.08,4170.0,0.0
15960,0.0,0.0,0.0,0.0,99.9,0.0,13.1,63.5,746.0,85.08,4170.0,0.0
16020,0.0,0.0,0.0,0.0,99.9,0.0,13.1,63.7,746.1,85.08,4170.0,0.0
16080,0.0,0.0,0.0,0.0,99.9,0.0,13.1,63.9,746.1,85.08,4170.0,0.0
16140,0.0,0.0,0.0,0.0,99.9,0.0,13.1,64.4,746.1,85.08,4170.0,0.0
16200,0.0,0.0,0.0,0.0,99.9,0.0,13.1,64.3,746.1,85.08,4170.0,0.0
16260,0.0,0.0,0.0,0.0,99.9,0.0,13.1,64.3,746.1,85.08,4170.0,0.0
16320,0.0,0.0,0.0,0.0,99.9,0.0,13.1,64.3,746.1,85.08,4170.0,0.0
16380,0.0,0.0,0.0,0.0,99.9,0.0,13.1,64.3,746.1,85.08,4170.0,0.0
16440,0.0,0.0,0.0,0.0,99.9,0.0,13.1,64.3,746.0,85.08,4170.0,0.0
16500,0.0,0.0,0.0,0.0,99.9,0.0,13.1,64.2,746.0,85.08,4170.0,0.0
16560,0.0,0.0,0.0,0.0,99.9,0.0,13.1,63.6,746.1,85.08,4170.0,0.0
16620,0.0,0.0,0.0,0.0,99.9,0.0,13.1,63.5,746.1,85.08,4170.0,0.0
16680,0.0,0.0,0.0,0.0,99.9,0.0,13.1,63.6,746.1,85.08,4170.0,0.0
16740,0.0,0.0,0.0,0.0,99.9,0.0,13.1,63.9,746.1,85.08,4170.0,0.0
16800,0.0,0.0,0.0,0.0,99.9,0.0,13.1,64.1,746.1,85.08,4170.0,0.0
16860,0.0,0.0,0.0,0.0,99.9,0.0,13.1,64.2,746.1,85.08,4170.0,0.0
16920,0.0,0.0,0.0,0.0,99.9,0.0,13.1,63.6,746.1,85.08,4170.0,0.0
16980,0.0,0.0,0.0,0.0,99.9,0.0,13.1,63.7,746.1,85.08,4170.0,0.0
17040,0.0,0.0,0.0,0.0,99.9,0.0,13.1,64.0,746.1,85.08,4170.0,0.0
17100,0.0,0.0,0.0,0.0,99.9,0.0,13.1,64.6,746.1,85.08,4170.0,0.0
17160,0.0,0.0,0.0,0.0,99.9,0.0,13.0,65.1,746.1,85.08,4170.0,0.0
17220,0.0,0.0,0.0,0.0,99.9,0.0,13.0,65.2,746.1,85.08,4170.0,0.0
17280,0.0,0.0,0.0,0.0,99.9,0.0,13.0,65.5,746.1,85.08,4170.0,0.0
17340,0.0,0.0,0.0,0.0,99.9,0.0,13.0,65.6,746.1,85.08,4170.0,0.0
17400,0.0,0.0,0.0,0.0,99.9,0.0,13.0,66.0,746.1,85.08,4170.0,0.0
17460,0.0,0.0,0.0,0.0,99.9,0.0,13.0,66.0,746.1,85.08,4170.0,0.0
17520,0.0,0.0,0.0,0.0,99.9,0.0,12.9,66.9,746.1,85.08,4170.0,0.0
17580,0.0,0.0,0.0,0.0,99.9,0.0,12.9,66.4,746.1,85.08,4170.0,0.0
17640,0.0,0.0,0.0,0.0,99.9,0.0,12.9,66.0,746.1,85.08,4170.0,0.0
17708,0.0,0.0,0.0,0.0,99.9,0.0,12.9,66.1,746.1,85.08,4170.0,0.0
17760,0.0,0.0,0.0,0.0,99.9,0.0,12.9,66.1,746.1,85.08,4170.0,0.0
17820,0.0,0.0,0.0,0.0,99.9,0.0,12.8,66.4,746.1,85.08,4170.0,0.0
17880,0.0,0.0,0.0,0.0,99.9,0.0,12.8,65.1,746.1,85.08,4170.0,0.0
17940,0.0,0.0,0.0,0.0,99.9,0.0,12.8,65.3,746.1,85.08,4170.0,0.0
18000,0.0,0.0,0.0,0.0,99.9,0.0,12.8,66.8,746.1,85.08,4170.0,0.0
18060,0.0,0.0,0.0,0.0,99.9,0.0,12.8,67.7,746.1,85.08,4170.0,0.0
18120,0.0,0.0,0.0,0.0,99.9,0.0,12.8,68.2,746.1,85.08,4170.0,0.0
18180,0.0,0.0,0.0,0.0,99.9,0.0,12.7,68.1,746.1,85.08,4170.0,0.0
18240,0.0,0.0,0.0,0.0,99.9,0.0,12.6,68.0,746.1,85.08,4170.0,0.0
18300,0.0,0.0,0.0,0.0,99.9,0.0,12.6,67.7,746.1,85.08,4170.0,0.0
18360,0.0,0.0,0.0,0.0,99.9,0.0,12.6,67.2,746.1,85.08,4170.0,0.0
18420,0.0,0.0,0.0,0.0,99.9,0.0,12.6,67.0,746.1,85.08,4170.0,0.0
18480,0.0,0.0,0.0,0.0,99.9,0.0,12.6,66.7,746.1,85.08,4170.0,0.0
18540,0.0,0.0,0.0,0.0,99.9,0.0,12.6,66.9,746.2,85.08,4170.0,0.0
18600,0.0,0.0,0.0,0.0,99.9,0.0,12.6,67.0,746.2,85.08,4170.0,0.0
18660,0.0,0.0,0.0,0.0,99.9,0.0,12.7,67.7,746.2,85.08,4170.0,0.0
18720,0.0,0.0,0.0,0.0,99.9,0.0,12.6,68.3,746.2,85.08,4170.0,0.0
18780,0.0,0.0,0.0,0.0,99.9,0.0,12.5,70.4,746.2,85.08,4170.0,0.0
18840,0.0,0.0,0.0,0.0,99.9,0.0,12.5,71.5,746.2,85.08,4170.0,0.0
18900,0.0,0.0,0.0,0.0,99.9,0.0,12.4,72.7,746.2,85.08,4170.0,0.0
18960,0.0,0.0,0.0,0.0,99.9,0.0,12.4,71.4,746.2,85.08,4170.0,0.0
19020,0.0,0.0,0.0,0.0,99.9,0.0,12.3,74.8,746.2,85.08,4170.0,0.0
19080,0.0,0.0,0.0,0.0,99.9,0.0,12.3,74.2,746.2,85.08,4170.0,0.0
19140,0.0,0.0,0.0,0.0,99.9,0.0,12.3,74.7,746.2,85.08,4170.0,0.0
19200,0.0,0.0,0.0,0.0,99.9,0.0,12.2,74.1,746.2,85.08,4170.0,0.0
19260,0.0,0.0,0.0,0.0,99.9,0.0,12.2,72.1,746.2,85.08,4170.0,0.0
19320,0.0,0.0,0.0,0.0,99.9,0.0,12.3,68.4,746.1,85.08,4170.0,0.0
19380,0.0,0.0,0.0,0.0,99.9,0.0,12.6,66.6,746.1,85.08,4170.0,0.0
19440,0.0,0.0,0.0,0.0,99.9,0.0,12.7,65.2,746.1,85.08,4170.0,0.0
19500,0.0,0.0,0.0,0.0,99.9,0.0,12.8,64.3,746.1,85.08,4170.0,0.0
19560,0.0,0.0,0.0,0.0,99.9,0.0,12.9,64.4,746.2,85.08,4170.0,0.0
19620,0.0,0.0,0.0,0.0,99.9,0.0,12.9,63.9,746.2,85.08,4170.0,0.0
19680,0.0,0.0,0.0,0.0,99.9,0.0,12.9,63.5,746.2,85.08,4170.0,0.0
19740,0.0,0.0,0.0,0.0,99.9,0.0,13.0,63.4,746.2,85.08,4170.0,0.0
19800,0.0,0.0,0.0,0.0,99.9,0.0,13.0,63.4,746.2,85.08,4170.0,0.0
19860,0.0,0.0,0.0,0.0,99.9,0.0,13.0,63.2,746.2,85.08,4170.0,0.0
19920,0.0,0.0,0.0,0.0,99.9,0.0,13.1,63.5,746.2,85.08,4170.0,0.0
19980,0.0,0.0,0.0,0.0,99.9,0.0,13.1,62.4,746.2,85.08,4170.0,0.0
20040,0.0,0.0,0.0,0.0,99.9,0.0,13.1,62.7,746.2,85.08,4170.0,0.0
20100,0.0,0.0,0.0,0.0,99.9,0.0,13.1,63.1,746.2,85.08,4170.0,0.0
20160,0.0,0.0,0.0,0.0,99.9,0.0,13.1,63.5,746.2,85.08,4170.0,0.0
20220,0.0,0.0,0.0,0.0,99.9,0.0,13.1,63.4,746.2,85.08,4170.0,0.0
20280,0.0,0.0,0.0,0.0,99.9,0.0,13.1,62.5,746.3,85.08,4170.0,0.0
20340,0.0,0.0,0.0,0.0,99.9,0.0,13.1,63.4,746.2,85.08,4170.0,0.0
20400,0.0,0.0,0.0,0.0,99.9,0.0,13.1,62.9,746.3,85.08,4170.0,0.0
20460,0.0,0.0,0.0,0.0,99.9,0.0,13.1,63.7,746.3,85.08,4170.0,0.0
20520,0.0,0.0,0.0,0.0,99.9,0.0,13.1,65.6,746.3,85.08,4170.0,0.0
20580,0.0,0.0,0.0,0.0,99.9,0.0,13.1,63.7,746.3,85.08,4170.0,0.0
20640,0.0,0.0,0.0,0.0,99.9,0.0,13.1,64.1,746.3,85.08,4170.0,0.0
20700,0.0,0.0,0.0,0.0,99.9,0.0,13.1,63.8,746.3,85.08,4170.0,0.0
20760,0.0,0.0,0.0,0.0,99.9,0.0,13.1,63.7,746.3,85.08,4170.0,0.0
20820,0.0,0.0,0.0,0.0,99.9,0.0,13.1,62.2,746.3,85.08,4170.0,0.0
20880,0.0,0.0,0.0,0.0,99.9,0.0,13.1,61.1,746.3,85.08,4170.0,0.0
20940,0.0,0.0,0.0,0.0,99.9,0.0,13.2,61.1,746.3,85.08,4170.0,0.0
21000,0.0,0.0,0.0,0.0,99.9,0.0,13.2,63.1,746.3,85.08,4170.0,0.0
21060,0.0,0.0,0.0,0.0,99.9,0.0,13.2,63.9,746.3,85.08,4170.0,0.0
21120,0.0,0.0,0.0,0.0,99.9,0.0,13.1,64.7,746.4,85.08,4170.0,0.0
21180,0.0,0.0,0.0,0.0,99.9,0.0,13.1,65.6,746.4,85.08,4170.0,0.0
21240,0.0,0.0,0.0,0.0,99.9,0.0,13.1,66.4,746.4,85.08,4170.0,0.0
21300,0.0,0.0,0.0,0.0,99.9,0.0,13.0,66.9,746.4,85.08,4170.0,0.0
21360,0.0,0.0,0.0,0.0,99.9,0.0,13.0,66.5,746.4,85.08,4170.0,0.0
21420,0.0,0.0,0.0,0.0,99.9,0.0,12.9,66.6,746.4,85.08,4170.0,0.0
21480,0.0,0.0,0.0,0.0,99.9,0.0,12.9,66.2,746.4,85.08,4170.0,0.0
21540,0.0,0.0,0.0,0.0,99.9,0.0,13.0,66.3,746.4,85.08,4170.0,0.0
21600,0.0,0.0,0.0,0.0,99.9,0.0,13.0,62.5,746.4,85.08,4170.0,0.0
21660,0.0,0.0,0.0,0.0,99.9,0.0,13.0,61.7,746.4,85.08,4170.0,0.0
21720,0.0,0.0,0.0,0.0,99.9,0.0,13.0,62.1,746.4,85.08,4170.0,0.0
21780,0.0,0.0,0.0,0.0,99.9,0.0,13.1,62.7,746.4,85.08,4170.0,0.0
21840,0.0,0.0,0.0,0.0,99.9,0.0,13.1,64.2,746.4,85.08,4170.0,0.0
21900,0.0,0.0,0.0,0.0,99.9,0.0,13.1,62.9,746.4,85.08,4170.0,0.0
21960,0.0,0.0,0.0,0.0,99.9,0.0,13.1,64.0,746.4,85.08,4170.0,0.0
22020,0.0,0.0,0.0,0.0,99.9,0.0,13.1,66.3,746.4,85.08,4170.0,0.0
22080,0.0,0.0,0.0,0.0,99.9,0.0,13.0,65.8,746.5,85.08,4170.0,0.0
22140,0.0,0.0,0.0,0.0,99.9,0.0,13.0,67.1,746.4,85.08,4170.0,0.0
22200,0.0,0.0,0.0,0.0,99.9,0.0,13.0,66.4,746.4,85.08,4170.0,0.0
22260,0.0,0.0,0.0,0.0,99.9,0.0,13.0,65.7,746.5,85.08,4170.0,0.0
22320,0.0,0.0,0.0,0.0,99.9,0.0,13.0,65.1,746.5,85.08,4170.0,0.0
22380,0.0,0.0,0.0,0.0,99.9,0.0,13.0,64.9,746.4,85.08,4170.0,0.0
22440,0.0,0.0,0.0,0.0,99.9,0.0,13.0,63.9,746.5,85.08,4170.0,0.0
22500,0.0,0.0,0.0,0.0,99.9,0.0,13.1,63.6,746.5,85.08,4170.0,0.0
22560,0.0,0.0,0.0,0.0,99.9,0.0,13.1,63.9,746.5,85.08,4170.0,0.0
22620,0.0,0.0,0.0,0.0,99.9,0.0,13.1,63.6,746.5,85.08,4170.0,0.0
22680,0.0,0.0,0.0,0.0,99.9,0.0,13.1,63.3,746.5,85.08,4170.0,0.0
22740,0.0,0.0,0.0,0.0,99.9,0.0,13.1,63.2,746.5,85.08,4170.0,0.0
22800,0.0,0.0,0.0,0.0,99.9,0.0,13.1,63.8,746.5,85.08,4170.0,0.0
22860,0.0,0.0,0.0,0.0,99.9,0.0,13.1,63.6,746.5,85.08,4170.0,0.0
22920,0.0,0.0,0.0,0.0,99.9,0.0,13.1,63.0,746.5,85.08,4170.0,0.0
22980,0.0,0.0,0.0,0.0,99.9,0.0,13.0,61.6,746.5,85.08,4170.0,0.0
23040,0.0,0.0,0.0,0.0,99.9,0.0,13.1,62.9,746.5,85.08,4170.0,0.0
23100,0.0,0.0,0.0,0.0,99.9,0.0,13.0,64.6,746.5,85.08,4170.0,0.0
23160,0.0,0.0,0.0,0.0,99.9,0.0,13.0,65.9,746.5,85.08,4170.0,0.0
23220,0.0,0.0,0.0,0.0,99.9,0.0,12.9,69.5,746.5,85.08,4170.0,0.0
23280,0.0,0.0,0.0,0.0,99.9,0.0,12.8,68.3,746.5,85.08,4170.0,0.0
23340,0.0,0.0,0.0,0.0,99.9,0.0,12.7,69.8,746.5,85.08,4170.0,0.0
23400,0.0,0.0,0.0,0.0,99.9,0.0,12.7,69.1,746.5,85.08,4170.0,0.0
23460,0.0,0.0,0.0,0.0,99.9,0.0,12.6,67.5,746.5,85.08,4170.0,0.0
23520,0.0,0.0,0.0,0.0,99.9,0.0,12.6,65.1,746.5,85.08,4170.0,0.0
23580,0.0,0.0,0.0,0.0,99.9,0.0,12.6,65.2,746.5,85.08,4170.0,0.0
23640,0.0,0.0,0.0,0.0,99.9,0.0,12.6,67.6,746.5,85.08,4170.0,0.0
23700,0.0,0.0,0.0,0.0,99.9,0.0,12.6,64.7,746.5,85.08,4170.0,0.0
23760,0.0,0.0,0.0,0.0,99.9,0.0,12.6,63.4,746.5,85.08,4170.0,0.0
23820,0.0,0.0,0.0,0.0,99.9,0.0,12.6,63.5,746.5,85.08,4170.0,0.0
23880,0.0,0.0,0.0,0.0,99.9,0.0,12.6,63.4,746.5,85.08,4170.0,0.0
23940,0.0,0.0,0.0,0.0,99.9,0.0,12.6,63.9,746.5,85.08,4170.0,0.0
24000,0.0,0.0,0.0,0.0,99.9,0.0,12.7,63.4,746.5,85.08,4170.0,0.0
24060,0.0,0.0,0.0,0.0,99.9,0.0,12.7,63.2,746.5,85.08,4170.0,0.0
24120,0.0,0.0,0.0,0.0,99.9,0.0,12.7,62.8,746.5,85.08,4170.0,0.0
24180,0.0,0.0,0.0,0.0,99.9,0.0,12.7,63.0,746.6,85.08,4170.0,0.0
24240,0.0,0.0,0.0,0.0,99.9,0.0,12.7,62.9,746.5,85.08,4170.0,0.0
24300,0.0,0.0,0.0,0.0,99.9,0.0,12.7,63.9,746.6,85.08,4170.0,0.0
24360,0.0,0.0,0.0,0.0,99.9,0.0,12.7,64.4,746.6,85.08,4170.0,0.0
24420,0.0,0.0,0.0,0.0,99.9,0.0,12.7,64.2,746.6,85.08,4170.0,0.0
24480,0.0,0.0,0.0,0.0,99.9,0.0,12.7,64.4,746.6,85.08,4170.0,0.0
24540,0.0,0.0,0.0,0.0,99.9,0.0,12.8,63.8,746.6,85.08,4170.0,0.0
24600,0.0,0.0,0.0,0.0,99.9,0.0,12.8,63.2,746.6,85.08,4170.0,0.0
24660,0.0,0.0,0.0,0.0,99.9,0.0,12.8,62.9,746.6,85.08,4170.0,0.0
24720,0.0,0.0,0.0,0.0,99.9,0.0,12.8,62.8,746.6,85.08,4170.0,0.0
24780,0.0,0.0,0.0,0.0,99.9,0.0,12.7,63.0,746.6,85.08,4170.0,0.0
24840,0.0,0.0,0.0,0.0,99.9,0.0,12.7,63.5,746.6,85.08,4170.0,0.0
24900,0.0,0.0,0.0,0.0,99.9,0.0,12.7,63.5,746.7,85.08,4170.0,0.0
24960,0.0,0.0,0.0,0.0,99.9,0.0,12.7,63.6,746.7,85.08,4170.0,0.0
25020,0.0,0.0,0.0,0.0,99.9,0.0,12.8,63.3,746.7,85.08,4170.0,0.0
25080,0.0,0.0,0.0,0.0,99.9,0.0,12.8,63.5,746.7,85.08,4170.0,0.0
25140,0.0,0.0,0.0,0.0,99.9,0.0,12.8,63.6,746.8,85.08,4170.0,0.0
25200,0.0,0.0,0.0,0.0,99.9,0.0,12.8,63.9,746.8,85.08,4170.0,0.0
25260,0.0,0.0,0.0,0.0,99.9,0.0,12.8,64.7,746.8,85.08,4170.0,0.0
25320,0.0,0.0,0.0,0.0,99.9,0.0,12.8,65.5,746.8,85.08,4170.0,0.0
25380,0.0,0.0,0.0,0.0,99.9,0.0,12.8,66.5,746.7,85.08,4170.0,0.0
25440,0.0,0.0,0.0,0.0,99.9,0.0,12.7,64.8,746.7,85.08,4170.0,0.0
25500,0.0,0.0,0.0,0.0,99.9,0.0,12.7,64.4,746.7,85.08,4170.0,0.0
25560,0.0,0.0,0.0,0.0,99.9,0.0,12.7,64.1,746.7,85.08,4170.0,0.0
25620,0.0,0.0,0.0,0.0,99.9,0.0,12.7,64.7,746.7,85.08,4170.0,0.0
25680,0.0,0.0,0.0,0.0,99.9,0.0,12.7,64.8,746.7,85.08,4170.0,0.0
25740,0.0,0.0,0.0,0.0,99.9,0.0,12.7,66.8,746.7,85.08,4170.0,0.0
25800,0.0,0.0,0.0,0.0,99.9,0.0,12.7,66.6,746.7,85.08,4170.0,0.0
25860,0.0,0.0,0.0,0.0,99.9,0.0,12.7,66.2,746.7,85.08,4170.0,0.0
25920,0.0,0.0,0.0,0.0,99.9,0.0,12.7,65.9,746.7,85.08,4170.0,0.0
25980,0.0,0.0,0.0,0.0,99.9,0.0,12.7,65.9,746.8,85.08,4170.0,0.0
26040,0.0,0.0,0.0,0.0,99.9,0.0,12.7,65.6,746.8,85.08,4170.0,0.0
26100,0.0,0.0,0.0,0.0,99.9,0.0,12.7,66.2,746.8,85.08,4170.0,0.0
26160,0.0,0.0,0.0,0.0,99.9,0.0,12.7,66.0,746.8,85.08,4170.0,0.0
26220,0.0,0.0,0.0,0.0,99.9,0.0,12.7,66.3,746.8,85.08,4170.0,0.0
26280,0.0,0.0,0.0,0.0,99.9,0.0,12.7,66.5,746.9,85.08,4170.0,0.0
26340,0.0,0.0,0.0,0.0,99.9,0.0,12.7,66.6,746.9,85.08,4170.0,0.0
26400,0.0,0.0,0.0,0.0,99.9,0.0,12.7,66.4,746.9,85.08,4170.0,0.0
26460,0.0,0.0,0.0,0.0,99.9,0.0,12.7,66.4,746.9,85.08,4170.0,0.0
26520,0.0,0.0,0.0,0.0,99.9,0.0,12.7,67.3,746.9,85.08,4170.0,0.0
26580,0.0,0.0,0.0,0.0,99.9,0.0,12.7,67.4,746.9,85.08,4170.0,0.0
26640,0.0,0.0,0.0,0.0,99.9,0.0,12.7,66.7,746.9,85.08,4170.0,0.0
26700,0.0,0.0,0.0,0.0,99.9,0.0,12.8,66.0,746.9,85.08,4170.0,0.0
26760,0.0,0.0,0.0,0.0,99.9,0.0,12.8,66.5,747.0,85.08,4170.0,0.0
26820,0.0,0.0,0.0,0.0,99.9,0.0,12.8,66.1,747.0,85.08,4170.0,0.0
26880,0.0,0.0,0.0,0.0,99.9,0.0,12.8,66.3,747.0,85.08,4170.0,0.0
26940,0.0,0.0,0.0,0.0,99.9,0.0,12.8,65.4,747.0,85.08,4170.0,0.0
27000,0.0,0.0,0.0,0.0,99.9,0.0,12.8,66.4,747.0,85.08,4170.0,0.0
27060,0.0,0.0,0.0,0.0,99.9,0.0,12.8,65.8,747.0,85.08,4170.0,0.0
27120,0.0,0.0,0.0,0.0,99.9,0.0,12.8,65.6,747.0,85.08,4170.0,0.0
27180,0.0,0.0,0.0,0.0,99.9,0.0,12.8,65.7,747.0,85.08,4170.0,0.0
27240,0.0,0.0,0.0,0.0,99.9,0.0,12.8,65.9,747.0,85.08,4170.0,0.0
27300,0.0,0.0,0.0,0.0,99.9,0.0,12.8,66.0,747.1,85.08,4170.0,0.0
27360,0.0,0.0,0.0,0.0,99.9,0.0,12.8,66.0,747.1,85.08,4170.0,0.0
27420,0.0,0.0,0.0,0.0,99.9,0.0,12.8,65.5,747.1,85.08,4170.0,0.0
27480,0.0,0.0,0.0,0.0,99.9,0.0,12.8,66.7,747.1,85.08,4170.0,0.0
27540,0.0,0.0,0.0,0.0,99.9,0.0,12.9,66.7,747.1,85.08,4170.0,0.0
27600,0.0,0.0,0.0,0.0,99.9,0.0,12.9,66.6,747.1,85.08,4170.0,0.0
27660,0.0,0.0,0.0,0.0,99.9,0.0,12.8,66.8,747.1,85.08,4170.0,0.0
27720,0.0,0.0,0.0,0.0,99.9,0.0,12.8,66.8,747.1,85.08,4170.0,0.0
27780,0.0,0.0,0.0,0.0,99.9,0.0,12.8,67.5,747.1,85.08,4170.0,0.0
27840,0.0,0.0,0.0,0.0,99.9,0.0,12.8,67.3,747.1,85.08,4170.0,0.0
27900,0.0,0.0,0.0,0.0,99.9,0.0,12.9,66.4,747.1,85.08,4170.0,0.0
27960,0.0,0.0,0.0,0.0,99.9,0.0,12.8,66.7,747.1,85.08,4170.0,0.0
28020,0.0,0.0,0.0,0.0,99.9,0.0,12.9,66.5,747.1,85.08,4170.0,0.0
28080,0.0,0.0,0.0,0.0,99.9,0.0,12.9,66.2,747.1,85.08,4170.0,0.0
28140,0.0,0.0,0.0,0.0,99.9,0.0,12.8,66.8,747.1,85.08,4170.0,0.0
28200,0.0,0.0,0.0,0.0,99.9,0.0,12.8,66.4,747.1,85.08,4170.0,0.0
28260,0.0,0.0,0.0,0.0,99.9,0.0,12.8,66.6,747.2,85.08,4170.0,0.0
28320,0.0,0.0,0.0,0.0,99.9,0.0,12.8,66.8,747.2,85.08,4170.0,0.0
28380,0.0,0.0,0.0,0.0,99.9,0.0,12.8,67.3,747.2,85.08,4170.0,0.0
28440,0.0,0.0,0.0,0.0,99.9,0.0,12.9,66.0,747.2,85.08,4170.0,0.0
28500,0.0,0.0,0.0,0.0,99.9,0.0,12.9,67.1,747.2,85.08,4170.0,0.0
28560,0.0,0.0,0.0,0.0,99.9,0.0,13.0,66.1,747.3,85.08,4170.0,0.0
28620,0.0,0.0,0.0,0.0,99.9,0.0,12.9,66.3,747.3,85.08,4170.0,0.0
28680,0.0,0.0,0.0,0.0,99.9,0.0,12.9,66.4,747.3,85.08,4170.0,0.0
28740,0.0,0.0,0.0,0.0,99.9,0.0,12.9,66.5,747.3,85.08,4170.0,0.0
28800,0.0,0.0,0.0,0.0,99.9,0.0,12.8,66.5,747.3,85.08,4170.0,0.0
28860,0.0,0.0,0.0,0.0,99.9,0.0,12.8,66.8,747.3,85.08,4170.0,0.0
28920,0.0,0.0,0.0,0.0,99.9,0.0,12.9,66.7,747.3,85.08,4170.0,0.0
28980,0.0,0.0,0.0,0.0,99.9,0.0,12.9,66.7,747.3,85.08,4170.0,0.0
29040,0.0,0.0,0.0,0.0,99.9,0.0,12.9,67.2,747.3,85.08,4170.0,0.0
29100,0.0,0.0,0.0,0.0,99.9,0.0,13.0,66.2,747.4,85.08,4170.0,0.0
29160,0.0,0.0,0.0,0.0,99.9,0.0,13.0,66.1,747.4,85.08,4170.0,0.0
29220,0.0,0.0,0.0,0.0,99.9,0.0,13.0,67.2,747.4,85.08,4170.0,0.0
29280,0.0,0.0,0.0,0.0,99.9,0.0,13.1,66.4,747.4,85.08,4170.0,0.0
29340,0.0,0.0,0.0,0.0,99.9,0.0,13.2,64.9,747.4,85.08,4170.0,0.0
29400,0.0,0.0,0.0,0.0,99.9,0.0,13.2,65.7,747.4,85.08,4170.0,0.0
29460,0.0,0.0,0.0,0.0,99.9,0.0,13.2,66.0,747.5,85.08,4170.0,0.0
29520,0.0,0.0,0.0,0.0,99.9,0.0,13.3,65.4,747.5,85.08,4170.0,0.0
29580,0.0,0.0,0.0,0.0,99.9,0.0,13.3,65.7,747.5,85.08,4170.0,0.0
29640,0.0,0.0,0.0,0.0,99.9,0.0,13.4,66.0,747.5,85.08,4170.0,0.0
29700,0.0,0.0,0.0,0.0,99.9,0.0,13.5,66.4,747.6,85.08,4170.0,0.0
29760,0.0,0.0,0.0,0.0,99.9,0.0,13.6,66.2,747.6,85.08,4170.0,0.0
29820,0.0,0.0,0.0,0.0,99.9,0.0,13.8,63.9,747.6,85.08,4170.0,0.0
29880,0.0,0.0,0.0,0.0,99.9,0.0,13.8,63.7,747.6,85.08,4170.0,0.0
29940,0.0,0.0,0.0,0.0,99.9,0.0,13.6,64.4,747.6,85.08,4170.0,0.0
30000,0.0,0.0,0.0,0.0,99.9,0.0,13.5,64.6,747.6,85.08,4170.0,0.0
30060,0.0,0.0,0.0,0.0,99.9,0.0,13.4,64.8,747.6,85.08,4170.0,0.0
30120,0.0,0.0,0.0,0.0,99.9,0.0,13.5,64.4,747.6,85.08,4170.0,0.0
30180,0.0,0.0,0.0,0.0,99.9,0.0,13.5,65.9,747.6,85.08,4170.0,0.0
30240,0.0,0.0,0.0,0.0,99.9,0.0,13.7,65.1,747.6,85.08,4170.0,0.0
30300,0.0,0.0,0.0,0.0,99.9,0.0,13.8,64.0,747.7,85.08,4170.0,0.0
30360,0.0,0.0,0.0,0.0,99.9,0.0,13.8,63.5,747.7,85.08,4170.0,0.0
30420,0.0,0.0,0.0,0.0,99.9,0.0,13.8,64.8,747.7,85.08,4170.0,0.0
30480,0.0,0.0,0.0,0.0,99.9,0.0,13.9,65.8,747.7,85.08,4170.0,0.0
30540,0.0,0.0,0.0,0.0,99.9,0.0,14.0,64.5,747.7,85.08,4170.0,0.0
30600,0.0,0.0,0.0,0.0,99.9,0.0,14.1,67.6,747.7,85.08,4170.0,0.0
30660,0.0,0.0,0.0,0.0,99.9,0.0,14.3,64.1,747.8,85.08,4170.0,0.0
30720,0.0,0.0,0.0,0.0,99.9,0.0,14.4,64.5,747.8,85.08,4170.0,0.0
30780,0.0,0.0,0.0,0.0,99.9,0.0,14.4,62.3,747.8,85.08,4170.0,0.0
30840,0.0,0.0,0.0,0.0,99.9,0.0,14.1,62.4,747.8,85.08,4170.0,0.0
30900,0.0,0.0,0.0,0.0,99.9,0.0,13.9,63.2,747.7,85.08,4170.0,0.0
30960,0.0,0.0,0.0,0.0,99.9,0.0,13.7,64.7,747.8,85.08,4170.0,0.0
31020,0.0,0.0,0.0,0.0,99.9,0.0,13.5,64.1,747.7,85.08,4170.0,0.0
31080,0.0,0.0,0.0,0.0,99.9,0.0,13.5,65.6,747.7,85.08,4170.0,0.0
31140,0.0,0.0,0.0,0.0,99.9,0.0,13.5,65.0,747.7,85.08,4170.0,0.0
31200,0.0,0.0,0.0,0.0,99.9,0.0,13.4,65.3,747.7,85.08,4170.0,0.0
31260,0.0,0.0,0.0,0.0,99.9,0.0,13.4,64.0,747.7,85.08,4170.0,0.0
31320,0.0,0.0,0.0,0.0,99.9,0.0,13.4,65.5,747.7,85.08,4170.0,0.0
31380,0.0,0.0,0.0,0.0,99.9,0.0,13.3,64.7,747.7,85.08,4170.0,0.0
31440,0.0,0.0,0.0,0.0,99.9,0.0,13.3,67.1,747.7,85.08,4170.0,0.0
31500,0.0,0.0,0.0,0.0,99.9,0.0,13.3,66.4,747.7,85.08,4170.0,0.0
31560,0.0,0.0,0.0,0.0,99.9,0.0,13.3,66.2,747.7,85.08,4170.0,0.0
31620,0.0,0.0,0.0,0.0,99.9,0.0,13.2,66.7,747.7,85.08,4170.0,0.0
31680,0.0,0.0,0.0,0.0,99.9,0.0,13.3,65.2,747.7,85.08,4170.0,0.0
31740,0.0,0.0,0.0,0.0,99.9,0.0,13.3,65.6,747.7,85.08,4170.0,0.0
31800,0.0,0.0,0.0,0.0,99.9,0.0,13.3,66.4,747.7,85.08,4170.0,0.0
31860,0.0,0.0,0.0,0.0,99.9,0.0,13.2,66.6,747.7,85.08,4170.0,0.0
31920,0.0,0.0,0.0,0.0,99.9,0.0,13.2,66.9,747.7,85.08,4170.0,0.0
31980,0.0,0.0,0.0,0.0,99.9,0.0,13.2,66.8,747.7,85.08,4170.0,0.0
32040,0.0,0.0,0.0,0.0,99.9,0.0,13.2,65.9,747.7,85.08,4170.0,0.0
32100,0.0,0.0,0.0,0.0,99.9,0.0,13.2,66.2,747.7,85.08,4170.0,0.0
32160,0.0,0.0,0.0,0.0,99.9,0.0,13.2,66.8,747.7,85.08,4170.0,0.0
32220,0.0,0.0,0.0,0.0,99.9,0.0,13.1,67.7,747.7,85.08,4170.0,0.0
32280,0.0,0.0,0.0,0.0,99.9,0.0,13.1,67.8,747.7,85.08,4170.0,0.0
32340,0.0,0.0,0.0,0.0,99.9,0.0,13.1,67.0,747.7,85.08,4170.0,0.0
32400,0.0,0.0,0.0,0.0,99.9,0.0,13.1,67.5,747.7,85.08,4170.0,0.0
32460,0.0,0.0,0.0,0.0,99.9,0.0,13.2,67.1,747.7,85.08,4170.0,0.0
32520,0.0,0.0,0.0,0.0,99.9,0.0,13.2,67.4,747.7,85.08,4170.0,0.0
32580,0.0,0.0,0.0,0.0,99.9,0.0,13.2,68.0,747.7,85.08,4170.0,0.0
32640,0.0,0.0,0.0,0.0,99.9,0.0,13.3,66.3,747.8,85.08,4170.0,0.0
32700,0.0,0.0,0.0,0.0,99.9,0.0,13.3,67.1,747.8,85.08,4170.0,0.0
32760,0.0,0.0,0.0,0.0,99.9,0.0,13.3,67.2,747.8,85.08,4170.0,0.0
32820,0.0,0.0,0.0,0.0,99.9,0.0,13.3,67.8,747.8,85.08,4170.0,0.0
32880,0.0,0.0,0.0,0.0,99.9,0.0,13.3,65.9,747.8,85.08,4170.0,0.0
32940,0.0,0.0,0.0,0.0,99.9,0.0,13.4,67.4,747.8,85.08,4170.0,0.0
33000,0.0,0.0,0.0,0.0,99.9,0.0,13.4,66.9,747.8,85.08,4170.0,0.0
33060,0.0,0.0,0.0,0.0,99.9,0.0,13.4,66.6,747.8,85.08,4170.0,0.0
33120,0.0,0.0,0.0,0.0,99.9,0.0,13.4,66.3,747.8,85.08,4170.0,0.0
33180,0.0,0.0,0.0,0.0,99.9,0.0,13.4,66.1,747.8,85.08,4170.0,0.0
33240,0.0,0.0,0.0,0.0,99.9,0.0,13.4,65.0,747.8,85.08,4170.0,0.0
33300,0.0,0.0,0.0,0.0,99.9,0.0,13.4,64.4,747.8,85.08,4170.0,0.0
33360,0.0,0.0,0.0,0.0,99.9,0.0,13.4,64.6,747.8,85.08,4170.0,0.0
33420,0.0,0.0,0.0,0.0,99.9,0.0,13.5,63.7,747.8,85.08,4170.0,0.0
33480,0.0,0.0,0.0,0.0,99.9,0.0,13.6,64.2,747.8,85.08,4170.0,0.0
33540,0.0,0.0,0.0,0.0,99.9,0.0,13.7,64.7,747.8,85.08,4170.0,0.0
33600,0.0,0.0,0.0,0.0,99.9,0.0,13.8,64.5,747.8,85.08,4170.0,0.0
33660,0.0,0.0,0.0,0.0,99.9,0.0,14.0,64.2,747.8,85.08,4170.0,0.0
33720,0.0,0.0,0.0,0.0,99.9,0.0,14.0,63.0,747.8,85.08,4170.0,0.0
33780,0.0,0.0,0.0,0.0,99.9,0.0,14.0,63.2,747.8,85.08,4170.0,0.0
33840,0.0,0.0,0.0,0.0,99.9,0.0,13.9,64.0,747.9,85.08,4170.0,0.0
33900,0.0,0.0,0.0,0.0,99.9,0.0,13.8,65.4,747.9,85.08,4170.0,0.0
33960,0.0,0.0,0.0,0.0,99.9,0.0,13.9,64.5,747.8,85.08,4170.0,0.0
34020,0.0,0.0,0.0,0.0,99.9,0.0,13.8,64.8,747.9,85.08,4170.0,0.0
34080,0.0,0.0,0.0,0.0,99.9,0.0,13.7,65.7,747.9,85.08,4170.0,0.0
34140,0.0,0.0,0.0,0.0,99.9,0.0,13.9,66.7,747.9,85.08,4170.0,0.0
34200,0.0,0.0,0.0,0.0,99.9,0.0,14.2,65.0,747.9,85.08,4170.0,0.0
34260,0.0,0.0,0.0,0.0,99.9,0.0,14.5,62.4,747.9,85.08,4170.0,0.0
34320,0.0,0.0,0.0,0.0,99.9,0.0,14.5,61.7,747.9,85.08,4170.0,0.0
34380,0.0,0.0,0.0,0.0,99.9,0.0,14.4,61.8,747.9,85.08,4170.0,0.0
34440,0.0,0.0,0.0,0.0,99.9,0.0,14.4,64.6,748.0,85.08,4170.0,0.0
34500,0.0,0.0,0.0,0.0,99.9,0.0,14.6,64.5,748.0,85.08,4170.0,0.0
34560,0.0,0.0,0.0,0.0,99.9,0.0,14.8,64.2,748.0,85.08,4170.0,0.0
34620,0.0,0.0,0.0,0.0,99.9,0.0,15.0,64.0,748.0,85.08,4170.0,0.0
34680,0.0,0.0,0.0,0.0,99.9,0.0,15.2,63.5,748.0,85.08,4170.0,0.0
34740,0.0,0.0,0.0,0.0,99.9,0.0,15.4,63.1,748.0,85.08,4170.0,0.0
34800,0.0,0.0,0.0,0.0,99.9,0.0,15.3,61.3,748.0,85.08,4170.0,0.0
34860,0.0,0.0,0.0,0.0,99.9,0.0,15.3,63.4,748.0,85.08,4170.0,0.0
34920,0.0,0.0,0.0,0.0,99.9,0.0,15.2,64.4,748.0,85.08,4170.0,0.0
34980,0.0,0.0,0.0,0.0,99.9,0.0,15.2,62.8,748.0,85.08,4170.0,0.0
35040,0.0,0.0,0.0,0.0,99.9,0.0,15.1,62.7,748.1,85.08,4170.0,0.0
35100,0.0,0.0,0.0,0.0,99.9,0.0,15.1,63.0,748.0,85.08,4170.0,0.0
35160,0.0,0.0,0.0,0.0,99.9,0.0,15.0,60.1,748.1,85.08,4170.0,0.0
35220,0.0,0.0,0.0,0.0,99.9,0.0,14.8,60.2,748.1,85.08,4170.0,0.0
35280,0.0,0.0,0.0,0.0,99.9,0.0,14.6,61.2,748.0,85.08,4170.0,0.0
35340,0.0,0.0,0.0,0.0,99.9,0.0,14.5,63.9,748.0,85.08,4170.0,0.0
35400,0.0,0.0,0.0,0.0,99.9,0.0,14.6,66.2,748.0,85.08,4170.0,0.0
35460,0.0,0.0,0.0,0.0,99.9,0.0,14.7,65.0,748.0,85.08,4170.0,0.0
35520,0.0,0.0,0.0,0.0,99.9,0.0,14.7,62.3,748.0,85.08,4170.0,0.0
35580,0.0,0.0,0.0,0.0,99.9,0.0,14.5,65.6,748.0,85.08,4170.0,0.0
35640,0.0,0.0,0.0,0.0,99.9,0.0,14.5,67.9,748.0,85.08,4170.0,0.0
35700,0.0,0.0,0.0,0.0,99.9,0.0,14.6,68.1,748.0,85.08,4170.0,0.0
35760,0.0,0.0,0.0,0.0,99.9,0.0,14.9,68.5,748.0,85.08,4170.0,0.0
35820,0.0,0.0,0.0,0.0,99.9,0.0,15.1,66.2,748.0,85.08,4170.0,0.0
35880,0.0,0.0,0.0,0.0,99.9,0.0,15.3,65.1,748.0,85.08,4170.0,0.0
35940,0.0,0.0,0.0,0.0,99.9,0.0,15.3,64.0,748.0,85.08,4170.0,0.0
36000,0.0,0.0,0.0,0.0,99.9,0.0,15.2,65.8,748.0,85.08,4170.0,0.0
36060,0.0,0.0,0.0,0.0,99.9,0.0,15.1,66.7,748.0,85.08,4170.0,0.0
36120,0.0,0.0,0.0,0.0,99.9,0.0,15.1,66.1,748.0,85.08,4170.0,0.0
36180,0.0,0.0,0.0,0.0,99.9,0.0,15.1,66.9,748.0,85.08,4170.0,0.0
36240,0.0,0.0,0.0,0.0,99.9,0.0,15.2,66.1,748.0,85.08,4170.0,0.0
36300,0.0,0.0,0.0,0.0,99.9,0.0,15.1,66.7,748.0,85.08,4170.0,0.0
36360,0.0,0.0,0.0,0.0,99.9,0.0,14.9,67.1,748.0,85.08,4170.0,0.0
36420,0.0,0.0,0.0,0.0,99.9,0.0,14.9,66.5,748.0,85.08,4170.0,0.0
36480,0.0,0.0,0.0,0.0,99.9,0.0,14.7,66.6,748.0,85.08,4170.0,0.0
36540,0.0,0.0,0.0,0.0,99.9,0.0,14.6,66.3,748.1,85.08,4170.0,0.0
36600,0.0,0.0,0.0,0.0,99.9,0.0,14.4,67.2,748.1,85.08,4170.0,0.0
36660,0.0,0.0,0.0,0.0,99.9,0.0,14.4,68.7,748.1,85.08,4170.0,0.0
36720,0.0,0.0,0.0,0.0,99.9,0.0,14.3,68.4,748.1,85.08,4170.0,0.0
36780,0.0,0.0,0.0,0.0,99.9,0.0,14.2,69.1,748.1,85.08,4170.0,0.0
36840,0.0,0.0,0.0,0.0,99.9,0.0,14.3,69.8,748.1,85.08,4170.0,0.0
36900,0.0,0.0,0.0,0.0,99.9,0.0,14.4,69.7,748.1,85.08,4170.0,0.0
36960,0.0,0.0,0.0,0.0,99.9,0.0,14.3,70.0,748.1,85.08,4170.0,0.0
37020,0.0,0.0,0.0,0.0,99.9,0.0,14.3,69.4,748.1,85.08,4170.0,0.0
37080,0.0,0.0,0.0,0.0,99.9,0.0,14.1,69.5,748.1,85.08,4170.0,0.0
37140,0.0,0.0,0.0,0.0,99.9,0.0,14.0,70.2,748.1,85.08,4170.0,0.0
37200,0.0,0.0,0.0,0.0,99.9,0.0,14.0,70.1,748.1,85.08,4170.0,0.0
37260,0.0,0.0,0.0,0.0,99.9,0.0,14.0,72.1,748.1,85.08,4170.0,0.0
37320,0.0,0.0,0.0,0.0,99.9,0.0,14.1,71.6,748.1,85.08,4170.0,0.0
37380,0.0,0.0,0.0,0.0,99.9,0.0,14.1,70.7,748.1,85.08,4170.0,0.0
37440,0.0,0.0,0.0,0.0,99.9,0.0,14.0,72.2,748.1,85.08,4170.0,0.0
37500,0.0,0.0,0.0,0.0,99.9,0.0,13.9,72.7,748.1,85.08,4170.0,0.0
37560,0.0,0.0,0.0,0.0,99.9,0.0,13.8,71.6,748.1,85.08,4170.0,0.0
37620,0.0,0.0,0.0,0.0,99.9,0.0,13.8,72.2,748.1,85.08,4170.0,0.0
37680,0.0,0.0,0.0,0.0,99.9,0.0,13.8,72.8,748.1,85.08,4170.0,0.0
37740,0.0,0.0,0.0,0.0,99.9,0.0,13.9,73.1,748.1,85.08,4170.0,0.0
37800,0.0,0.0,0.0,0.0,99.9,0.0,14.2,72.1,748.1,85.08,4170.0,0.0
37860,0.0,0.0,0.0,0.0,99.9,0.0,14.4,68.8,748.1,85.08,4170.0,0.0
37920,0.0,0.0,0.0,0.0,99.9,0.0,14.5,68.8,748.1,85.08,4170.0,0.0
37980,0.0,0.0,0.0,0.0,99.9,0.0,14.6,71.4,748.1,85.08,4170.0,0.0
38040,0.0,0.0,0.0,0.0,99.9,0.0,14.7,69.8,748.1,85.08,4170.0,0.0
38100,0.0,0.0,0.0,0.0,99.9,0.0,14.6,69.2,748.1,85.08,4170.0,0.0
38160,0.0,0.0,0.0,0.0,99.9,0.0,14.3,70.5,748.1,85.08,4170.0,0.0
38220,0.0,0.0,0.0,0.0,99.9,0.0,14.1,71.6,748.2,85.08,4170.0,0.0
38280,0.0,0.0,0.0,0.0,99.9,0.0,14.1,71.4,748.2,85.08,4170.0,0.0
38340,0.0,0.0,0.0,0.0,99.9,0.0,14.1,72.6,748.1,85.08,4170.0,0.0
38400,0.0,0.0,0.0,0.0,99.9,0.0,14.3,71.7,748.1,85.08,4170.0,0.0
38460,0.0,0.0,0.0,0.0,99.9,0.0,14.4,71.0,748.2,85.08,4170.0,0.0
38520,0.0,0.0,0.0,0.0,99.9,0.0,14.6,70.5,748.2,85.08,4170.0,0.0
38580,0.0,0.0,0.0,0.0,99.9,0.0,14.7,70.6,748.1,85.08,4170.0,0.0
38640,0.0,0.0,0.0,0.0,99.9,0.0,14.9,68.9,748.2,85.08,4170.0,0.0
38700,0.0,0.0,0.0,0.0,99.9,0.0,15.0,68.7,748.2,85.08,4170.0,0.0
38760,0.0,0.0,0.0,0.0,99.9,0.0,15.0,68.1,748.2,85.08,4170.0,0.0
38820,0.0,0.0,0.0,0.0,99.9,0.0,15.0,67.5,748.2,85.08,4170.0,0.0
38880,0.0,0.0,0.0,0.0,99.9,0.0,15.0,68.8,748.2,85.08,4170.0,0.0
38940,0.0,0.0,0.0,0.0,99.9,0.0,15.0,69.0,748.2,85.08,4170.0,0.0
39000,0.0,0.0,0.0,0.0,99.9,0.0,15.1,68.9,748.2,85.08,4170.0,0.0
39060,0.0,0.0,0.0,0.0,99.9,0.0,15.1,66.9,748.2,85.08,4170.0,0.0
39120,0.0,0.0,0.0,0.0,99.9,0.0,15.0,68.2,748.2,85.08,4170.0,0.0
39180,0.0,0.0,0.0,0.0,99.9,0.0,14.9,69.0,748.2,85.08,4170.0,0.0
39240,0.0,0.0,0.0,0.0,99.9,0.0,15.0,68.4,748.2,85.08,4170.0,0.0
39300,0.0,0.0,0.0,0.0,99.9,0.0,15.0,68.5,748.2,85.08,4170.0,0.0
39360,0.0,0.0,0.0,0.0,99.9,0.0,15.1,68.3,748.2,85.08,4170.0,0.0
39420,0.0,0.0,0.0,0.0,99.9,0.0,15.2,69.1,748.3,85.08,4170.0,0.0
39480,0.0,0.0,0.0,0.0,99.9,0.0,15.3,68.5,748.3,85.08,4170.0,0.0
39540,0.0,0.0,0.0,0.0,99.9,0.0,15.4,67.6,748.3,85.08,4170.0,0.0
39600,0.0,0.0,0.0,0.0,99.9,0.0,15.3,67.0,748.3,85.08,4170.0,0.0
39660,0.0,0.0,0.0,0.0,99.9,0.0,14.9,68.2,748.3,85.08,4170.0,0.0
39720,0.0,0.0,0.0,0.0,99.9,0.0,14.6,70.0,748.3,85.08,4170.0,0.0
39780,0.0,0.0,0.0,0.0,99.9,0.0,14.6,69.4,748.3,85.08,4170.0,0.0
39840,0.0,0.0,0.0,0.0,99.9,0.0,14.5,69.9,748.3,85.08,4170.0,0.0
39900,0.0,0.0,0.0,0.0,99.9,0.0,14.4,70.1,748.3,85.08,4170.0,0.0
39960,0.0,0.0,0.0,0.0,99.9,0.0,14.4,69.4,748.3,85.08,4170.0,0.0
40020,0.0,0.0,0.0,0.0,99.9,0.0,14.3,70.3,748.3,85.08,4170.0,0.0
40080,0.0,0.0,0.0,0.0,99.9,0.0,14.2,71.1,748.3,85.08,4170.0,0.0
40140,0.0,0.0,0.0,0.0,99.9,0.0,14.3,71.7,748.3,85.08,4170.0,0.0
40200,0.0,0.0,0.0,0.0,99.9,0.0,14.5,69.5,748.3,85.08,4170.0,0.0
40260,0.0,0.0,0.0,0.0,99.9,0.0,14.6,70.1,748.2,85.08,4170.0,0.0
40320,0.0,0.0,0.0,0.0,99.9,0.0,14.7,70.5,748.2,85.08,4170.0,0.0
40380,0.0,0.0,0.0,0.0,99.9,0.0,14.6,72.7,748.3,85.08,4170.0,0.0
40440,0.0,0.0,0.0,0.0,99.9,0.0,14.6,71.8,748.3,85.08,4170.0,0.0
40500,0.0,0.0,0.0,0.0,99.9,0.0,14.6,72.0,748.3,85.08,4170.0,0.0
40560,0.0,0.0,0.0,0.0,99.9,0.0,14.5,72.8,748.3,85.08,4170.0,0.0
40620,0.0,0.0,0.0,0.0,99.9,0.0,14.6,72.5,748.3,85.08,4170.0,0.0
40680,0.0,0.0,0.0,0.0,99.9,0.0,14.7,71.1,748.3,85.08,4170.0,0.0
40740,0.0,0.0,0.0,0.0,99.9,0.0,14.7,71.2,748.3,85.08,4170.0,0.0
40800,0.0,0.0,0.0,0.0,99.9,0.0,14.9,71.5,748.3,85.08,4170.0,0.0
40860,0.0,0.0,0.0,0.0,99.9,0.0,15.0,71.2,748.3,85.08,4170.0,0.0
40920,0.0,0.0,0.0,0.0,99.9,0.0,15.1,70.1,748.3,85.08,4170.0,0.0
40980,0.0,0.0,0.0,0.0,99.9,0.0,15.1,69.3,748.3,85.08,4170.0,0.0
41040,0.0,0.0,0.0,0.0,99.9,0.0,15.2,70.4,748.3,85.08,4170.0,0.0
41100,0.0,0.0,0.0,0.0,99.9,0.0,15.2,70.1,748.3,85.08,4170.0,0.0
41160,0.0,0.0,0.0,0.0,99.9,0.0,15.2,69.8,748.3,85.08,4170.0,0.0
41220,0.0,0.0,0.0,0.0,99.9,0.0,15.3,68.8,748.3,85.08,4170.0,0.0
41280,0.0,0.0,0.0,0.0,99.9,0.0,15.3,69.6,748.3,85.08,4170.0,0.0
41340,0.0,0.0,0.0,0.0,99.9,0.0,15.4,68.9,748.3,85.08,4170.0,0.0
41400,0.0,0.0,0.0,0.0,99.9,0.0,15.4,70.2,748.3,85.08,4170.0,0.0
41460,0.0,0.0,0.0,0.0,99.9,0.0,15.4,70.3,748.3,85.08,4170.0,0.0
41520,0.0,0.0,0.0,0.0,99.9,0.0,15.3,71.2,748.3,85.08,4170.0,0.0
41580,0.0,0.0,0.0,0.0,99.9,0.0,15.1,71.8,748.3,85.08,4170.0,0.0
41640,0.0,0.0,0.0,0.0,99.9,0.0,15.0,69.9,748.3,85.08,4170.0,0.0
41700,0.0,0.0,0.0,0.0,99.9,0.0,15.0,71.1,748.3,85.08,4170.0,0.0
41760,0.0,0.0,0.0,0.0,99.9,0.0,15.1,69.9,748.3,85.08,4170.0,0.0
41820,0.0,0.0,0.0,0.0,99.9,0.0,15.1,69.5,748.3,85.08,4170.0,0.0
41880,0.0,0.0,0.0,0.0,99.9,0.0,15.0,69.9,748.3,85.08,4170.0,0.0
41940,0.0,0.0,0.0,0.0,99.9,0.0,14.9,71.8,748.3,85.08,4170.0,0.0
42000,0.0,0.0,0.0,0.0,99.9,0.0,14.9,70.1,748.3,85.08,4170.0,0.0
42060,0.0,0.0,0.0,0.0,99.9,0.0,14.9,70.6,748.3,85.08,4170.0,0.0
42120,0.0,0.0,0.0,0.0,99.9,0.0,14.9,71.6,748.3,85.08,4170.0,0.0
42180,0.0,0.0,0.0,0.0,99.9,0.0,14.7,72.9,748.3,85.08,4170.0,0.0
42240,0.0,0.0,0.0,0.0,99.9,0.0,14.7,71.9,748.3,85.08,4170.0,0.0
42300,0.0,0.0,0.0,0.0,99.9,0.0,14.6,72.7,748.3,85.08,4170.0,0.0
42360,0.0,0.0,0.0,0.0,99.9,0.0,14.5,73.5,748.3,85.08,4170.0,0.0
42420,0.0,0.0,0.0,0.0,99.9,0.0,14.3,73.8,748.3,85.08,4170.0,0.0
42480,0.0,0.0,0.0,0.0,99.9,0.0,14.2,75.0,748.3,85.08,4170.0,0.0
42540,0.0,0.0,0.0,0.0,99.9,0.0,14.2,74.4,748.3,85.08,4170.0,0.0
42600,0.0,0.0,0.0,0.0,99.9,0.0,14.3,74.9,748.3,85.08,4170.0,0.0
42660,0.0,0.0,0.0,0.0,99.9,0.0,14.4,74.2,748.3,85.08,4170.0,0.0
42720,0.0,0.0,0.0,0.0,99.9,0.0,14.4,74.5,748.3,85.08,4170.0,0.0
42780,0.0,0.0,0.0,0.0,99.9,0.0,14.4,75.6,748.3,85.08,4170.0,0.0
42840,0.0,0.0,0.0,0.0,99.9,0.0,14.5,74.4,748.3,85.08,4170.0,0.0
42900,0.0,0.0,0.0,0.0,99.9,0.0,14.5,74.2,748.3,85.08,4170.0,0.0
42960,0.0,0.0,0.0,0.0,99.9,0.0,14.3,72.4,748.3,85.08,4170.0,0.0
43020,0.0,0.0,0.0,0.0,99.9,0.0,14.2,72.5,748.3,85.08,4170.0,0.0
43080,0.0,0.0,0.0,0.0,99.9,0.0,14.2,71.8,748.3,85.08,4170.0,0.0
43140,0.0,0.0,0.0,0.0,99.9,0.0,14.2,75.2,748.3,85.08,4170.0,0.0
43200,0.0,0.0,0.0,0.0,99.9,0.0,14.3,74.4,748.3,85.08,4170.0,0.0
43260,0.0,0.0,0.0,0.0,99.9,0.0,14.4,76.2,748.3,85.08,4170.0,0.0
43320,0.0,0.0,0.0,0.0,99.9,0.0,14.6,75.0,748.2,85.08,4170.0,0.0
43380,0.0,0.0,0.0,0.0,99.9,0.0,14.8,72.9,748.3,85.08,4170.0,0.0
43440,0.0,0.0,0.0,0.0,99.9,0.0,15.0,73.3,748.3,85.08,4170.0,0.0
43500,0.0,0.0,0.0,0.0,99.9,0.0,15.2,71.2,748.3,85.08,4170.0,0.0
43560,0.0,0.0,0.0,0.0,99.9,0.0,15.2,70.3,748.3,85.08,4170.0,0.0
43620,0.0,0.0,0.0,0.0,99.9,0.0,15.2,69.8,748.3,85.08,4170.0,0.0
43680,0.0,0.0,0.0,0.0,99.9,0.0,15.1,69.9,748.3,85.08,4170.0,0.0
43740,0.0,0.0,0.0,0.0,99.9,0.0,15.1,70.8,748.2,85.08,4170.0,0.0
43800,0.0,0.0,0.0,0.0,99.9,0.0,15.0,70.9,748.3,85.08,4170.0,0.0
43860,0.0,0.0,0.0,0.0,99.9,0.0,14.8,72.6,748.2,85.08,4170.0,0.0
43920,0.0,0.0,0.0,0.0,99.9,0.0,14.8,73.0,748.3,85.08,4170.0,0.0
43980,0.0,0.0,0.0,0.0,99.9,0.0,14.9,73.4,748.3,85.08,4170.0,0.0
44040,0.0,0.0,0.0,0.0,99.9,0.0,15.0,72.0,748.3,85.08,4170.0,0.0
44100,0.0,0.0,0.0,0.0,99.9,0.0,15.1,71.8,748.3,85.08,4170.0,0.0
44160,0.0,0.0,0.0,0.0,99.9,0.0,15.0,71.4,748.3,85.08,4170.0,0.0
44220,0.0,0.0,0.0,0.0,99.9,0.0,14.8,71.5,748.3,85.08,4170.0,0.0
44280,0.0,0.0,0.0,0.0,99.9,0.0,14.7,72.3,748.3,85.08,4170.0,0.0
44340,0.0,0.0,0.0,0.0,99.9,0.0,14.6,72.8,748.3,85.08,4170.0,0.0
44400,0.0,0.0,0.0,0.0,99.9,0.0,14.5,74.0,748.3,85.08,4170.0,0.0
44460,0.0,0.0,0.0,0.0,99.9,0.0,14.3,74.1,748.3,85.08,4170.0,0.0
44520,0.0,0.0,0.0,0.0,99.9,0.0,14.1,74.7,748.2,85.08,4170.0,0.0
44580,0.0,0.0,0.0,0.0,99.9,0.0,14.0,75.7,748.3,85.08,4170.0,0.0
44640,0.0,0.0,0.0,0.0,99.9,0.0,14.0,75.6,748.2,85.08,4170.0,0.0
44700,0.0,0.0,0.0,0.0,99.9,0.0,14.0,76.1,748.3,85.08,4170.0,0.0
44760,0.0,0.0,0.0,0.0,99.9,0.0,14.1,76.0,748.2,85.08,4170.0,0.0
44820,0.0,0.0,0.0,0.0,99.9,0.0,14.1,75.4,748.2,85.08,4170.0,0.0
44880,0.0,0.0,0.0,0.0,99.9,0.0,14.2,76.5,748.2,85.08,4170.0,0.0
44940,0.0,0.0,0.0,0.0,99.9,0.0,14.3,75.7,748.2,85.08,4170.0,0.0
45000,0.0,0.0,0.0,0.0,99.9,0.0,14.4,76.8,748.2,85.08,4170.0,0.0
45060,0.0,0.0,0.0,0.0,99.9,0.0,14.5,74.6,748.2,85.08,4170.0,0.0
45120,0.0,0.0,0.0,0.0,99.9,0.0,14.6,73.6,748.2,85.08,4170.0,0.0
45180,0.0,0.0,0.0,0.0,99.9,0.0,14.6,73.0,748.2,85.08,4170.0,0.0
45240,0.0,0.0,0.0,0.0,99.9,0.0,14.6,75.0,748.2,85.08,4170.0,0.0
45300,0.0,0.0,0.0,0.0,99.9,0.0,14.7,73.9,748.2,85.08,4170.0,0.0
45360,0.0,0.0,0.0,0.0,99.9,0.0,14.8,73.9,748.2,85.08,4170.0,0.0
45420,0.0,0.0,0.0,0.0,99.9,0.0,15.0,73.1,748.2,85.08,4170.0,0.0
45480,0.0,0.0,0.0,0.0,99.9,0.0,15.2,72.1,748.2,85.08,4170.0,0.0
45540,0.0,0.0,0.0,0.0,99.9,0.0,15.2,72.9,748.2,85.08,4170.0,0.0
45600,0.0,0.0,0.0,0.0,99.9,0.0,15.2,72.0,748.2,85.08,4170.0,0.0
45660,0.0,0.0,0.0,0.0,99.9,0.0,15.1,70.9,748.2,85.08,4170.0,0.0
45720,0.0,0.0,0.0,0.0,99.9,0.0,14.9,71.4,748.2,85.08,4170.0,0.0
45780,0.0,0.0,0.0,0.0,99.9,0.0,14.7,74.0,748.2,85.08,4170.0,0.0
45840,0.0,0.0,0.0,0.0,99.9,0.0,14.9,71.2,748.1,85.08,4170.0,0.0
45900,0.0,0.0,0.0,0.0,99.9,0.0,14.7,71.5,748.1,85.08,4170.0,0.0
45960,0.0,0.0,0.0,0.0,99.9,0.0,14.5,72.3,748.1,85.08,4170.0,0.0
46020,0.0,0.0,0.0,0.0,99.9,0.0,14.4,72.4,748.1,85.08,4170.0,0.0
46080,0.0,0.0,0.0,0.0,99.9,0.0,14.4,73.4,748.1,85.08,4170.0,0.0
46140,0.0,0.0,0.0,0.0,99.9,0.0,14.6,72.5,748.1,85.08,4170.0,0.0
46200,0.0,0.0,0.0,0.0,99.9,0.0,14.7,72.1,748.1,85.08,4170.0,0.0
46260,0.0,0.0,0.0,0.0,99.9,0.0,14.7,72.9,748.1,85.08,4170.0,0.0
46320,0.0,0.0,0.0,0.0,99.9,0.0,14.9,73.1,748.1,85.08,4170.0,0.0
46380,0.0,0.0,0.0,0.0,99.9,0.0,15.1,72.0,748.1,85.08,4170.0,0.0
46440,0.0,0.0,0.0,0.0,99.9,0.0,15.2,69.0,748.1,85.08,4170.0,0.0
46500,0.0,0.0,0.0,0.0,99.9,0.0,15.0,69.7,748.1,85.08,4170.0,0.0
46560,0.0,0.0,0.0,0.0,99.9,0.0,14.9,71.2,748.1,85.08,4170.0,0.0
46620,0.0,0.0,0.0,0.0,99.9,0.0,14.9,71.6,748.1,85.08,4170.0,0.0
46680,0.0,0.0,0.0,0.0,99.9,0.0,15.0,72.8,748.1,85.08,4170.0,0.0
46740,0.0,0.0,0.0,0.0,99.9,0.0,15.2,72.5,748.1,85.08,4170.0,0.0
46800,0.0,0.0,0.0,0.0,99.9,0.0,15.4,71.8,748.1,85.08,4170.0,0.0
46860,0.0,0.0,0.0,0.0,99.9,0.0,15.4,72.2,748.0,85.08,4170.0,0.0
46920,0.0,0.0,0.0,0.0,99.9,0.0,15.4,72.4,748.0,85.08,4170.0,0.0
46980,0.0,0.0,0.0,0.0,99.9,0.0,15.4,71.6,748.0,85.08,4170.0,0.0
47040,0.0,0.0,0.0,0.0,99.9,0.0,15.3,72.1,748.0,85.08,4170.0,0.0
47100,0.0,0.0,0.0,0.0,99.9,0.0,15.2,72.6,748.0,85.08,4170.0,0.0
47160,0.0,0.0,0.0,0.0,99.9,0.0,15.2,73.2,748.0,85.08,4170.0,0.0
47220,0.0,0.0,0.0,0.0,99.9,0.0,15.2,72.1,748.0,85.08,4170.0,0.0
47280,0.0,0.0,0.0,0.0,99.9,0.0,15.0,73.0,748.0,85.08,4170.0,0.0
47340,0.0,0.0,0.0,0.0,99.9,0.0,15.0,72.8,748.0,85.08,4170.0,0.0
47400,0.0,0.0,0.0,0.0,99.9,0.0,15.0,72.5,748.0,85.08,4170.0,0.0
47460,0.0,0.0,0.0,0.0,99.9,0.0,15.0,72.8,747.9,85.08,4170.0,0.0
47520,0.0,0.0,0.0,0.0,99.9,0.0,14.9,72.9,747.9,85.08,4170.0,0.0
47580,0.0,0.0,0.0,0.0,99.9,0.0,14.8,73.4,747.9,85.08,4170.0,0.0
47640,0.0,0.0,0.0,0.0,99.9,0.0,14.8,74.1,747.9,85.08,4170.0,0.0
47700,0.0,0.0,0.0,0.0,99.9,0.0,14.6,75.7,747.9,85.08,4170.0,0.0
47760,0.0,0.0,0.0,0.0,99.9,0.0,14.6,75.8,747.9,85.08,4170.0,0.0
47820,0.0,0.0,0.0,0.0,99.9,0.0,14.6,75.7,747.9,85.08,4170.0,0.0
47880,0.0,0.0,0.0,0.0,99.9,0.0,14.5,75.6,747.9,85.08,4170.0,0.0
47940,0.0,0.0,0.0,0.0,99.9,0.0,14.5,75.6,747.9,85.08,4170.0,0.0
48000,0.0,0.0,0.0,0.0,99.9,0.0,14.4,75.4,747.9,85.08,4170.0,0.0
48060,0.0,0.0,0.0,0.0,99.9,0.0,14.2,76.5,747.8,85.08,4170.0,0.0
48120,0.0,0.0,0.0,0.0,99.9,0.0,14.1,77.6,747.9,85.08,4170.0,0.0
48180,0.0,0.0,0.0,0.0,99.9,0.0,14.1,78.2,747.9,85.08,4170.0,0.0
48240,0.0,0.0,0.0,0.0,99.9,0.0,14.2,78.2,747.9,85.08,4170.0,0.0
48300,0.0,0.0,0.0,0.0,99.9,0.0,14.2,78.2,747.9,85.08,4170.0,0.0
48360,0.0,0.0,0.0,0.0,99.9,0.0,14.2,78.3,747.9,85.08,4170.0,0.0
48420,0.0,0.0,0.0,0.0,99.9,0.0,14.2,78.3,747.9,85.08,4170.0,0.0
48480,0.0,0.0,0.0,0.0,99.9,0.0,14.2,78.4,747.9,85.08,4170.0,0.0
48540,0.0,0.0,0.0,0.0,99.9,0.0,14.1,78.7,747.9,85.08,4170.0,0.0
48600,0.0,0.0,0.0,0.0,99.9,0.0,14.0,78.8,747.9,85.08,4170.0,0.0
48660,0.0,0.0,0.0,0.0,99.9,0.0,14.0,78.9,747.8,85.08,4170.0,0.0
48720,0.0,0.0,0.0,0.0,99.9,0.0,14.0,79.3,747.8,85.08,4170.0,0.0
48780,0.0,0.0,0.0,0.0,99.9,0.0,13.9,78.6,747.8,85.08,4170.0,0.0
48840,0.0,0.0,0.0,0.0,99.9,0.0,13.8,79.1,747.8,85.08,4170.0,0.0
48900,0.0,0.0,0.0,0.0,99.9,0.0,13.8,80.5,747.7,85.08,4170.0,0.0
48960,0.0,0.0,0.0,0.0,99.9,0.0,13.9,79.5,747.7,85.08,4170.0,0.0
49020,0.0,0.0,0.0,0.0,99.9,0.0,13.9,78.8,747.7,85.08,4170.0,0.0
49080,0.0,0.0,0.0,0.0,99.9,0.0,13.8,79.0,747.7,85.08,4170.0,0.0
49140,0.0,0.0,0.0,0.0,99.9,0.0,13.8,79.5,747.6,85.08,4170.0,0.0
49200,0.0,0.0,0.0,0.0,99.9,0.0,13.9,79.6,747.6,85.08,4170.0,0.0
49260,0.0,0.0,0.0,0.0,99.9,0.0,14.1,77.4,747.6,85.08,4170.0,0.0
49320,0.0,0.0,0.0,0.0,99.9,0.0,14.2,78.7,747.7,85.08,4170.0,0.0
49380,0.0,0.0,0.0,0.0,99.9,0.0,14.4,76.8,747.7,85.08,4170.0,0.0
49440,0.0,0.0,0.0,0.0,99.9,0.0,14.5,76.4,747.7,85.08,4170.0,0.0
49500,0.0,0.0,0.0,0.0,99.9,0.0,14.6,76.1,747.7,85.08,4170.0,0.0
49560,0.0,0.0,0.0,0.0,99.9,0.0,14.5,75.9,747.7,85.08,4170.0,0.0
49620,0.0,0.0,0.0,0.0,99.9,0.0,14.4,76.6,747.7,85.08,4170.0,0.0
49680,0.0,0.0,0.0,0.0,99.9,0.0,14.4,75.8,747.7,85.08,4170.0,0.0
49740,0.0,0.0,0.0,0.0,99.9,0.0,14.3,75.6,747.7,85.08,4170.0,0.0
49800,0.0,0.0,0.0,0.0,99.9,0.0,14.1,76.0,747.8,85.08,4170.0,0.0
49860,0.0,0.0,0.0,0.0,99.9,0.0,14.0,76.8,747.8,85.08,4170.0,0.0
49920,0.0,0.0,0.0,0.0,99.9,0.0,14.0,77.5,747.8,85.08,4170.0,0.0
49980,0.0,0.0,0.0,0.0,99.9,0.0,14.1,77.7,747.9,85.08,4170.0,0.0
50040,0.0,0.0,0.0,0.0,99.9,0.0,14.1,77.9,747.9,85.08,4170.0,0.0
50100,0.0,0.0,0.0,0.0,99.9,0.0,14.2,77.1,747.9,85.08,4170.0,0.0
50160,0.0,0.0,0.0,0.0,99.9,0.0,14.3,76.9,747.9,85.08,4170.0,0.0
50220,0.0,0.0,0.0,0.0,99.9,0.0,14.4,76.3,748.0,85.08,4170.0,0.0
50280,0.0,0.0,0.0,0.0,99.9,0.0,14.4,75.9,748.0,85.08,4170.0,0.0
50340,0.0,0.0,0.0,0.0,99.9,0.0,14.4,75.8,747.9,85.08,4170.0,0.0
50400,0.0,0.0,0.0,0.0,99.9,0.0,14.5,75.2,748.0,85.08,4170.0,0.0
50460,0.0,0.0,0.0,0.0,99.9,0.0,14.4,75.9,748.0,85.08,4170.0,0.0
50520,0.0,0.0,0.0,0.0,99.9,0.0,14.4,76.7,748.0,85.08,4170.0,0.0
50580,0.0,0.0,0.0,0.0,99.9,0.0,14.5,76.0,748.0,85.08,4170.0,0.0
50640,0.0,0.0,0.0,0.0,99.9,0.0,14.5,75.0,748.0,85.08,4170.0,0.0
50700,0.0,0.0,0.0,0.0,99.9,0.0,14.6,75.7,748.0,85.08,4170.0,0.0
50760,0.0,0.0,0.0,0.0,99.9,0.0,14.6,75.2,748.0,85.08,4170.0,0.0
50819,0.0,0.0,0.0,0.0,99.9,0.0,14.7,74.8,748.0,85.08,4170.0,0.0
50880,0.0,0.0,0.0,0.0,99.9,0.0,14.6,74.4,748.0,85.08,4170.0,0.0
50940,0.0,0.0,0.0,0.0,99.9,0.0,14.5,74.0,748.0,85.08,4170.0,0.0
51000,0.0,0.0,0.0,0.0,99.9,0.0,14.4,74.7,748.0,85.08,4170.0,0.0
51059,0.0,0.0,0.0,0.0,99.9,0.0,14.3,74.8,748.0,85.08,4170.0,0.0
51119,0.0,0.0,0.0,0.0,99.9,0.0,14.3,75.1,748.0,85.08,4170.0,0.0
51179,0.0,0.0,0.0,0.0,99.9,0.0,14.3,73.7,748.0,85.08,4170.0,0.0
51239,0.0,0.0,0.0,0.0,99.9,0.0,14.3,73.5,748.0,85.08,4170.0,0.0
51299,0.0,0.0,0.0,0.0,99.9,0.0,14.2,74.2,748.0,85.08,4170.0,0.0
51359,0.0,0.0,0.0,0.0,99.9,0.0,14.2,74.4,747.9,85.08,4170.0,0.0
51420,0.0,0.0,0.0,0.0,99.9,0.0,14.2,74.4,747.9,85.08,4170.0,0.0
51479,0.0,0.0,0.0,0.0,99.9,0.0,14.2,74.4,748.0,85.08,4170.0,0.0
51539,0.0,0.0,0.0,0.0,99.9,0.0,14.2,74.8,747.9,85.08,4170.0,0.0
51600,0.0,0.0,0.0,0.0,99.9,0.0,14.2,74.8,747.9,85.11,4200.0,2.1
51659,149.0,149.0,150.0,68.8,72.4,75.0,14.3,75.2,747.9,85.11,4200.0,0.0
51719,150.0,150.0,150.0,68.8,68.8,68.8,14.3,74.7,747.9,85.11,4200.0,0.0
51779,149.0,149.0,149.0,56.8,56.8,56.8,14.3,75.3,747.9,85.13,4230.0,0.7
51839,149.0,149.0,149.0,56.8,56.8,56.8,14.3,75.0,747.9,85.14,4250.0,0.8
51899,149.0,149.0,149.0,56.8,56.8,56.8,14.3,76.6,747.9,85.14,4250.0,0.0
51959,150.0,150.0,150.0,57.5,57.5,57.5,14.3,74.7,747.9,85.14,4250.0,0.0
52019,150.0,150.0,150.0,75.0,75.0,75.0,14.3,75.3,747.9,85.23,4280.0,4.6
52079,148.0,148.0,148.0,75.0,75.0,75.0,14.2,75.8,747.9,85.23,4300.0,0.7
52139,148.0,148.0,148.0,75.0,75.0,75.0,14.2,75.4,747.9,85.23,4310.0,0.1
52199,148.0,148.0,148.0,53.3,53.3,53.3,14.3,77.4,747.9,85.23,4310.0,0.0
52259,144.0,144.0,144.0,42.5,42.5,42.5,14.2,76.0,747.8,85.23,4310.0,0.0
52319,144.0,144.0,144.0,42.5,42.5,42.5,14.1,74.1,747.8,85.34,4340.0,6.6
52379,144.0,144.0,144.0,42.5,42.5,42.5,14.1,74.6,747.8,85.89,4400.0,32.6
52439,144.0,144.0,144.0,42.5,42.5,42.5,14.0,75.7,747.8,86.37,4460.0,28.9
52499,144.0,144.0,144.0,42.5,42.5,42.5,13.9,77.3,747.8,86.62,4520.0,13.0
52559,144.0,144.0,144.0,42.5,42.5,42.5,13.7,77.2,747.7,87.0,4580.0,24.2
52619,144.0,144.0,144.0,42.5,42.5,42.5,13.5,77.2,747.7,87.23,4640.0,12.6
52679,144.0,144.0,144.0,42.5,42.5,42.5,13.6,75.8,747.7,88.06,4700.0,48.8
52739,144.0,144.0,144.0,42.5,42.5,42.5,13.6,75.1,747.6,88.24,4740.0,12.1
52799,144.0,144.0,144.0,42.5,42.5,42.5,13.6,75.0,747.6,88.4,4800.0,10.4
52859,144.0,144.0,144.0,42.5,42.5,42.5,13.6,74.4,747.5,88.55,4860.0,9.4
52919,144.0,144.0,144.0,42.5,42.5,42.5,13.8,73.5,747.5,88.62,4900.0,3.9
52979,144.0,144.0,144.0,42.5,42.5,42.5,13.8,72.3,747.6,88.63,4920.0,0.8
53039,144.0,144.0,144.0,42.5,42.5,42.5,13.9,72.6,747.6,88.64,4940.0,0.6
53099,144.0,144.0,144.0,42.5,42.5,42.5,13.9,72.8,747.6,88.65,4950.0,0.5
53159,144.0,144.0,144.0,42.5,42.5,42.5,14.0,69.6,747.6,88.65,4950.0,0.0
53219,144.0,144.0,144.0,42.5,42.5,42.5,14.1,71.7,747.6,88.65,4950.0,0.0
53279,144.0,144.0,144.0,42.5,42.5,42.5,14.2,71.0,747.6,88.65,4950.0,0.0
53339,144.0,144.0,144.0,42.5,42.5,42.5,14.2,76.5,747.6,88.65,4950.0,0.0
53399,144.0,144.0,144.0,42.5,42.5,42.5,14.2,72.2,747.6,88.65,4950.0,0.0
53459,144.0,144.0,144.0,42.5,42.5,42.5,14.3,73.1,747.6,88.65,4950.0,0.0
53519,144.0,144.0,144.0,42.5,42.5,42.5,14.3,72.1,747.6,88.65,4950.0,0.0
53579,144.0,144.0,144.0,42.5,42.5,42.5,14.4,74.3,747.7,88.65,4950.0,0.0
53639,144.0,144.0,144.0,42.5,42.5,42.5,14.5,71.7,747.6,88.65,4950.0,0.0
53699,144.0,144.0,144.0,42.5,42.5,42.5,14.5,72.3,747.6,88.65,4950.0,0.0
53759,144.0,144.0,144.0,42.5,42.5,42.5,14.5,72.1,747.6,88.65,4950.0,0.0
53819,144.0,144.0,144.0,42.5,42.5,42.5,14.5,74.9,747.6,88.65,4950.0,0.0
53879,144.0,144.0,144.0,42.5,42.5,42.5,14.6,75.9,747.6,88.65,4950.0,0.0
53939,144.0,144.0,144.0,42.5,42.5,42.5,14.6,70.1,747.6,88.65,4950.0,0.0
53999,144.0,144.0,144.0,42.5,42.5,42.5,14.6,71.6,747.6,88.65,4950.0,0.0
54059,144.0,144.0,144.0,42.5,42.5,42.5,14.5,75.0,747.6,88.65,4950.0,0.0
54119,144.0,144.0,144.0,42.5,42.5,42.5,14.5,72.9,747.6,88.65,4950.0,0.0
54179,144.0,144.0,144.0,42.5,42.5,42.5,14.5,71.7,747.6,88.65,4950.0,0.0
54239,144.0,144.0,144.0,42.5,42.5,42.5,14.4,71.1,747.6,88.65,4950.0,0.0
54299,144.0,144.0,144.0,42.5,42.5,42.5,14.4,71.3,747.6,88.65,4950.0,0.0
54359,144.0,144.0,144.0,42.5,42.5,42.5,14.4,72.5,747.6,88.65,4950.0,0.0
54419,144.0,144.0,144.0,42.5,42.5,42.5,14.4,72.9,747.5,88.65,4950.0,0.0
54479,144.0,144.0,144.0,42.5,42.5,42.5,14.4,76.6,747.6,88.65,4950.0,0.0
54539,144.0,144.0,144.0,42.5,42.5,42.5,14.4,73.2,747.5,88.65,4950.0,0.0
54599,144.0,144.0,144.0,42.5,42.5,42.5,14.4,72.4,747.5,88.65,4950.0,0.0
54659,144.0,144.0,144.0,42.5,42.5,42.5,14.4,72.7,747.5,88.65,4950.0,0.0
54719,144.0,144.0,144.0,42.5,42.5,42.5,14.4,73.5,747.5,88.65,4950.0,0.0
54779,144.0,144.0,144.0,42.5,42.5,42.5,14.4,72.4,747.6,88.65,4950.0,0.0
54839,144.0,144.0,144.0,42.5,42.5,42.5,14.4,72.5,747.6,88.65,4950.0,0.0
54899,144.0,144.0,144.0,42.5,42.5,42.5,14.4,72.4,747.6,88.65,4950.0,0.0
54959,144.0,144.0,144.0,42.5,42.5,42.5,14.4,73.7,747.6,88.65,4950.0,0.0
55019,144.0,144.0,144.0,42.5,42.5,42.5,14.4,73.4,747.6,88.65,4950.0,0.0
55079,144.0,144.0,144.0,42.5,42.5,42.5,14.4,71.6,747.6,88.65,4950.0,0.0
55139,144.0,144.0,144.0,42.5,42.5,42.5,14.4,72.7,747.6,88.65,4950.0,0.0
55199,144.0,144.0,144.0,42.5,42.5,42.5,14.4,70.3,747.6,88.65,4950.0,0.0
55259,144.0,144.0,144.0,42.5,42.5,42.5,14.4,69.6,747.6,88.65,4950.0,0.0
55319,144.0,144.0,144.0,42.5,42.5,42.5,14.5,70.2,747.6,88.65,4950.0,0.0
55379,144.0,144.0,144.0,42.5,42.5,42.5,14.5,71.6,747.6,88.65,4950.0,0.0
55439,144.0,144.0,144.0,42.5,42.5,42.5,14.5,71.7,747.6,88.65,4950.0,0.0
55499,144.0,144.0,144.0,42.5,42.5,42.5,14.5,72.4,747.6,88.65,4950.0,0.0
55559,144.0,144.0,144.0,42.5,42.5,42.5,14.5,71.1,747.6,88.65,4950.0,0.0
55619,144.0,144.0,144.0,42.5,42.5,42.5,14.5,70.1,747.6,88.65,4950.0,0.0
55679,144.0,144.0,144.0,42.5,42.5,42.5,14.5,71.1,747.6,88.65,4950.0,0.0
55739,144.0,144.0,144.0,42.5,42.5,42.5,14.5,71.1,747.6,88.65,4950.0,0.0
55799,144.0,144.0,144.0,42.5,42.5,42.5,14.6,69.5,747.6,88.65,4950.0,0.0
55859,144.0,144.0,144.0,42.5,42.5,42.5,14.6,70.5,747.7,88.65,4950.0,0.0
55919,144.0,144.0,144.0,42.5,42.5,42.5,14.5,69.0,747.6,88.65,4950.0,0.0
55979,144.0,144.0,144.0,42.5,42.5,42.5,14.6,71.1,747.6,88.65,4950.0,0.0
56039,144.0,144.0,144.0,42.5,42.5,42.5,14.6,72.1,747.6,88.65,4950.0,0.0
56099,144.0,144.0,144.0,42.5,42.5,42.5,14.6,71.7,747.6,88.65,4950.0,0.0
56159,144.0,144.0,144.0,42.5,42.5,42.5,14.6,68.9,747.6,88.65,4950.0,0.0
56219,144.0,144.0,144.0,42.5,42.5,42.5,14.6,68.9,747.6,88.65,4950.0,0.0
56279,144.0,144.0,144.0,42.5,42.5,42.5,14.6,69.1,747.6,88.65,4950.0,0.0
56339,144.0,144.0,144.0,42.5,42.5,42.5,14.6,70.1,747.6,88.65,4950.0,0.0
56399,144.0,144.0,144.0,42.5,42.5,42.5,14.6,69.8,747.6,88.65,4950.0,0.0
56459,144.0,144.0,144.0,42.5,42.5,42.5,14.6,69.4,747.5,88.65,4950.0,0.0
56519,144.0,144.0,144.0,42.5,42.5,42.5,14.6,69.3,747.6,88.65,4950.0,0.0
56579,144.0,144.0,144.0,42.5,42.5,42.5,14.5,68.1,747.5,88.65,4950.0,0.0
56639,144.0,144.0,144.0,42.5,42.5,42.5,14.5,68.5,747.5,88.65,4950.0,0.0
56699,144.0,144.0,144.0,42.5,42.5,42.5,14.5,69.1,747.5,88.65,4950.0,0.0
56759,144.0,144.0,144.0,42.5,42.5,42.5,14.5,70.0,747.5,88.65,4950.0,0.0
56819,144.0,144.0,144.0,42.5,42.5,42.5,14.5,69.5,747.5,88.65,4950.0,0.0
56879,144.0,144.0,144.0,42.5,42.5,42.5,14.5,68.9,747.5,88.65,4950.0,0.0
56939,144.0,144.0,144.0,42.5,42.5,42.5,14.5,69.7,747.5,88.65,4950.0,0.0
56999,144.0,144.0,144.0,42.5,42.5,42.5,14.5,70.8,747.5,88.65,4950.0,0.0
57059,144.0,144.0,144.0,42.5,42.5,42.5,14.5,70.9,747.5,88.65,4950.0,0.0
57119,144.0,144.0,144.0,42.5,42.5,42.5,14.5,68.5,747.5,88.65,4950.0,0.0
57179,144.0,144.0,144.0,42.5,42.5,42.5,14.5,70.6,747.5,88.65,4950.0,0.0
57239,144.0,144.0,144.0,42.5,42.5,42.5,14.5,69.9,747.4,88.65,4950.0,0.0
57299,144.0,144.0,144.0,42.5,42.5,42.5,14.5,69.5,747.4,88.65,4950.0,0.0
57359,144.0,144.0,144.0,42.5,42.5,42.5,14.6,69.4,747.4,88.65,4950.0,0.0
57419,144.0,144.0,144.0,42.5,42.5,42.5,14.6,71.1,747.4,88.65,4950.0,0.0
57479,144.0,144.0,144.0,42.5,42.5,42.5,14.6,69.5,747.4,88.65,4950.0,0.0
57539,144.0,144.0,144.0,42.5,42.5,42.5,14.6,69.3,747.4,88.65,4950.0,0.0
57599,144.0,144.0,144.0,42.5,42.5,42.5,14.6,69.4,747.4,88.65,4950.0,0.0
57659,144.0,144.0,144.0,42.5,42.5,42.5,14.6,68.3,747.3,88.65,4950.0,0.0
57719,144.0,144.0,144.0,42.5,42.5,42.5,14.6,69.0,747.4,88.65,4950.0,0.0
57779,144.0,144.0,144.0,42.5,42.5,42.5,14.7,68.4,747.3,88.65,4950.0,0.0
57839,144.0,144.0,144.0,42.5,42.5,42.5,14.7,68.4,747.3,88.65,4950.0,0.0
57899,144.0,144.0,144.0,42.5,42.5,42.5,14.7,68.0,747.3,88.65,4950.0,0.0
57959,144.0,144.0,144.0,42.5,42.5,42.5,14.7,69.9,747.3,88.65,4950.0,0.0
58019,144.0,144.0,144.0,42.5,42.5,42.5,14.6,68.6,747.3,88.65,4950.0,0.0
58079,144.0,144.0,144.0,42.5,42.5,42.5,14.6,69.4,747.3,88.65,4950.0,0.0
58139,144.0,144.0,144.0,42.5,42.5,42.5,14.6,71.2,747.3,88.65,4950.0,0.0
58199,144.0,144.0,144.0,42.5,42.5,42.5,14.6,72.0,747.3,88.65,4950.0,0.0
58259,144.0,144.0,144.0,42.5,42.5,42.5,14.5,70.2,747.3,88.65,4950.0,0.0
58319,144.0,144.0,144.0,42.5,42.5,42.5,14.5,69.1,747.3,88.65,4950.0,0.0
58379,144.0,144.0,144.0,42.5,42.5,42.5,14.5,69.0,747.3,88.65,4950.0,0.0
58439,144.0,144.0,144.0,42.5,42.5,42.5,14.6,69.0,747.2,88.65,4950.0,0.0
58499,144.0,144.0,144.0,42.5,42.5,42.5,14.6,68.9,747.2,88.65,4950.0,0.0
58559,144.0,144.0,144.0,42.5,42.5,42.5,14.6,70.9,747.2,88.65,4950.0,0.0
58619,144.0,144.0,144.0,42.5,42.5,42.5,14.7,68.6,747.2,88.65,4950.0,0.0
58679,144.0,144.0,144.0,42.5,42.5,42.5,14.7,68.8,747.2,88.65,4950.0,0.0
58739,144.0,144.0,144.0,42.5,42.5,42.5,14.6,68.6,747.2,88.65,4950.0,0.0
58799,144.0,144.0,144.0,42.5,42.5,42.5,14.6,69.3,747.2,88.65,4950.0,0.0
58859,144.0,144.0,144.0,42.5,42.5,42.5,14.6,68.6,747.2,88.65,4950.0,0.0
58919,144.0,144.0,144.0,42.5,42.5,42.5,14.5,68.2,747.2,88.65,4950.0,0.0
58979,144.0,144.0,144.0,42.5,42.5,42.5,14.6,68.8,747.2,88.65,4950.0,0.0
59039,144.0,144.0,144.0,42.5,42.5,42.5,14.6,67.3,747.1,88.65,4950.0,0.0
59099,144.0,144.0,144.0,42.5,42.5,42.5,14.7,67.2,747.1,88.65,4950.0,0.0
59159,144.0,144.0,144.0,42.5,42.5,42.5,14.7,70.5,747.1,88.65,4950.0,0.0
59219,144.0,144.0,144.0,42.5,42.5,42.5,14.7,69.3,747.2,88.65,4950.0,0.0
59279,144.0,144.0,144.0,42.5,42.5,42.5,14.6,69.4,747.2,88.65,4950.0,0.0
59339,144.0,144.0,144.0,42.5,42.5,42.5,14.6,70.8,747.2,88.65,4950.0,0.0
59399,144.0,144.0,144.0,42.5,42.5,42.5,14.6,69.8,747.1,88.65,4950.0,0.0
59459,144.0,144.0,144.0,42.5,42.5,42.5,14.6,69.8,747.1,88.65,4950.0,0.0
59519,144.0,144.0,144.0,42.5,42.5,42.5,14.5,69.5,747.1,88.65,4950.0,0.0
59579,144.0,144.0,144.0,42.5,42.5,42.5,14.5,69.3,747.1,88.65,4950.0,0.0
59639,144.0,144.0,144.0,42.5,42.5,42.5,14.5,69.7,747.1,88.65,4950.0,0.0
59699,144.0,144.0,144.0,42.5,42.5,42.5,14.5,69.5,747.1,88.65,4950.0,0.0
59759,144.0,144.0,144.0,42.5,42.5,42.5,14.5,69.0,747.1,88.65,4950.0,0.0
59819,144.0,144.0,144.0,42.5,42.5,42.5,14.5,69.4,747.2,88.65,4950.0,0.0
59879,144.0,144.0,144.0,42.5,42.5,42.5,14.4,69.2,747.2,88.65,4950.0,0.0
59939,144.0,144.0,144.0,42.5,42.5,42.5,14.4,68.5,747.1,88.65,4950.0,0.0
59999,144.0,144.0,144.0,42.5,42.5,42.5,14.5,69.1,747.2,88.65,4950.0,0.0
60059,144.0,144.0,144.0,42.5,42.5,42.5,14.5,69.5,747.2,88.65,4950.0,0.0
60119,144.0,144.0,144.0,42.5,42.5,42.5,14.5,69.4,747.1,88.65,4950.0,0.0
60179,144.0,144.0,144.0,42.5,42.5,42.5,14.5,69.1,747.1,88.65,4950.0,0.0
60239,144.0,144.0,144.0,42.5,42.5,42.5,14.5,69.1,747.1,88.65,4950.0,0.0
60299,144.0,144.0,144.0,42.5,42.5,42.5,14.5,69.1,747.2,88.65,4950.0,0.0
60359,144.0,144.0,144.0,42.5,42.5,42.5,14.6,70.0,747.2,88.65,4950.0,0.0
60419,144.0,144.0,144.0,42.5,42.5,42.5,14.5,69.6,747.1,88.65,4950.0,0.0
60479,144.0,144.0,144.0,42.5,42.5,42.5,14.5,68.9,747.1,88.65,4950.0,0.0
60539,144.0,144.0,144.0,42.5,42.5,42.5,14.5,69.0,747.1,88.65,4950.0,0.0
60599,144.0,144.0,144.0,42.5,42.5,42.5,14.4,69.8,747.1,88.65,4950.0,0.0
60659,144.0,144.0,144.0,42.5,42.5,42.5,14.4,69.5,747.1,88.65,4950.0,0.0
60719,144.0,144.0,144.0,42.5,42.5,42.5,14.4,69.2,747.1,88.65,4950.0,0.0
60779,144.0,144.0,144.0,42.5,42.5,42.5,14.4,69.4,747.1,88.65,4950.0,0.0
60839,144.0,144.0,144.0,42.5,42.5,42.5,14.4,69.3,747.1,88.65,4950.0,0.0
60899,144.0,144.0,144.0,42.5,42.5,42.5,14.4,69.2,747.1,88.65,4950.0,0.0
60959,144.0,144.0,144.0,42.5,42.5,42.5,14.4,69.3,747.2,88.65,4950.0,0.0
61019,144.0,144.0,144.0,42.5,42.5,42.5,14.4,69.5,747.2,88.65,4950.0,0.0
61079,144.0,144.0,144.0,42.5,42.5,42.5,14.3,70.6,747.2,88.65,4950.0,0.0
61139,144.0,144.0,144.0,42.5,42.5,42.5,14.3,71.4,747.2,88.65,4950.0,0.0
61199,144.0,144.0,144.0,42.5,42.5,42.5,14.3,70.7,747.2,88.65,4950.0,0.0
61259,144.0,144.0,144.0,42.5,42.5,42.5,14.3,69.6,747.2,88.65,4950.0,0.0
61319,144.0,144.0,144.0,42.5,42.5,42.5,14.3,69.5,747.2,88.65,4950.0,0.0
61379,144.0,144.0,144.0,42.5,42.5,42.5,14.4,69.5,747.2,88.65,4950.0,0.0
61439,144.0,144.0,144.0,42.5,42.5,42.5,14.4,68.9,747.2,88.65,4950.0,0.0
61499,144.0,144.0,144.0,42.5,42.5,42.5,14.4,69.5,747.2,88.65,4950.0,0.0
61559,144.0,144.0,144.0,42.5,42.5,42.5,14.3,69.2,747.2,88.65,4950.0,0.0
61619,144.0,144.0,144.0,42.5,42.5,42.5,14.3,69.2,747.2,88.65,4950.0,0.0
61679,144.0,144.0,144.0,42.5,42.5,42.5,14.3,68.9,747.2,88.65,4950.0,0.0
61739,144.0,144.0,144.0,42.5,42.5,42.5,14.3,69.5,747.2,88.65,4950.0,0.0
61799,144.0,144.0,144.0,42.5,42.5,42.5,14.3,69.5,747.2,88.65,4950.0,0.0
61859,144.0,144.0,144.0,42.5,42.5,42.5,14.3,69.5,747.2,88.65,4950.0,0.0
61919,144.0,144.0,144.0,42.5,42.5,42.5,14.3,69.1,747.2,88.65,4950.0,0.0
61979,144.0,144.0,144.0,42.5,42.5,42.5,14.2,69.2,747.3,88.65,4950.0,0.0
62039,144.0,144.0,144.0,42.5,42.5,42.5,14.2,69.9,747.3,88.65,4950.0,0.0
62099,144.0,144.0,144.0,42.5,42.5,42.5,14.2,69.5,747.3,88.65,4950.0,0.0
62159,144.0,144.0,144.0,42.5,42.5,42.5,14.2,69.3,747.3,88.65,4950.0,0.0
62219,144.0,144.0,144.0,42.5,42.5,42.5,14.2,69.4,747.3,88.65,4950.0,0.0
62279,144.0,144.0,144.0,42.5,42.5,42.5,14.2,69.5,747.2,88.65,4950.0,0.0
62339,144.0,144.0,144.0,42.5,42.5,42.5,14.2,69.9,747.2,88.65,4950.0,0.0
62399,144.0,144.0,144.0,42.5,42.5,42.5,14.2,69.5,747.2,88.65,4950.0,0.0
62459,144.0,144.0,144.0,42.5,42.5,42.5,14.2,69.4,747.2,88.65,4950.0,0.0
62519,144.0,144.0,144.0,42.5,42.5,42.5,14.1,69.4,747.2,88.65,4950.0,0.0
62579,144.0,144.0,144.0,42.5,42.5,42.5,14.1,69.3,747.1,88.65,4950.0,0.0
62639,144.0,144.0,144.0,42.5,42.5,42.5,14.1,69.5,747.1,88.65,4950.0,0.0
62699,144.0,144.0,144.0,42.5,42.5,42.5,14.1,69.4,747.1,88.65,4950.0,0.0
62759,144.0,144.0,144.0,42.5,42.5,42.5,14.1,70.1,747.0,88.65,4950.0,0.0
62819,144.0,144.0,144.0,42.5,42.5,42.5,14.0,69.6,747.1,88.65,4950.0,0.0
62879,144.0,144.0,144.0,42.5,42.5,42.5,14.0,69.7,747.0,88.65,4950.0,0.0
62939,144.0,144.0,144.0,42.5,42.5,42.5,14.1,69.5,747.0,88.65,4950.0,0.0
62999,144.0,144.0,144.0,42.5,42.5,42.5,14.1,69.4,747.0,88.65,4950.0,0.0
63059,144.0,144.0,144.0,42.5,42.5,42.5,14.1,69.8,747.0,88.65,4950.0,0.0
63119,144.0,144.0,144.0,42.5,42.5,42.5,14.0,69.7,747.0,88.65,4950.0,0.0
63179,144.0,144.0,144.0,42.5,42.5,42.5,14.0,69.8,746.9,88.65,4950.0,0.0
63239,144.0,144.0,144.0,42.5,42.5,42.5,14.0,69.8,746.9,88.65,4950.0,0.0
63299,144.0,144.0,144.0,42.5,42.5,42.5,14.0,69.5,746.9,88.65,4950.0,0.0
63359,144.0,144.0,144.0,42.5,42.5,42.5,14.1,68.5,747.0,88.65,4950.0,0.0
63419,144.0,144.0,144.0,42.5,42.5,42.5,14.2,68.5,746.9,88.65,4950.0,0.0
63479,144.0,144.0,144.0,42.5,42.5,42.5,14.2,70.0,746.9,88.65,4950.0,0.0
63539,144.0,144.0,144.0,42.5,42.5,42.5,14.1,69.5,747.0,88.65,4950.0,0.0
63599,144.0,144.0,144.0,42.5,42.5,42.5,14.0,68.0,747.0,88.65,4950.0,0.0
63659,144.0,144.0,144.0,42.5,42.5,42.5,14.0,69.8,747.0,88.65,4950.0,0.0
63719,144.0,144.0,144.0,42.5,42.5,42.5,14.0,70.7,747.0,88.65,4950.0,0.0
63779,144.0,144.0,144.0,42.5,42.5,42.5,14.0,71.1,747.0,88.65,4950.0,0.0
63839,144.0,144.0,144.0,42.5,42.5,42.5,13.9,70.0,747.0,88.65,4950.0,0.0
63899,144.0,144.0,144.0,42.5,42.5,42.5,14.0,69.0,747.0,88.65,4950.0,0.0
63959,144.0,144.0,144.0,42.5,42.5,42.5,14.0,68.1,746.9,88.65,4950.0,0.0
64019,144.0,144.0,144.0,42.5,42.5,42.5,14.1,67.6,746.9,88.65,4950.0,0.0
64079,144.0,144.0,144.0,42.5,42.5,42.5,14.2,67.1,746.9,88.65,4950.0,0.0
64139,144.0,144.0,144.0,42.5,42.5,42.5,14.3,67.8,746.9,88.65,4950.0,0.0
64199,144.0,144.0,144.0,42.5,42.5,42.5,14.2,68.6,746.9,88.65,4950.0,0.0
64259,144.0,144.0,144.0,42.5,42.5,42.5,14.2,67.8,746.9,88.65,4950.0,0.0
64319,144.0,144.0,144.0,42.5,42.5,42.5,14.2,68.5,746.8,88.65,4950.0,0.0
64379,144.0,144.0,144.0,42.5,42.5,42.5,14.2,68.6,746.8,88.65,4950.0,0.0
64439,144.0,144.0,144.0,42.5,42.5,42.5,14.2,69.3,746.9,88.65,4950.0,0.0
64499,144.0,144.0,144.0,42.5,42.5,42.5,14.2,68.8,746.8,88.65,4950.0,0.0
64559,144.0,144.0,144.0,42.5,42.5,42.5,14.2,69.7,746.9,88.65,4950.0,0.0
64619,144.0,144.0,144.0,42.5,42.5,42.5,14.2,69.3,746.9,88.65,4950.0,0.0
64679,144.0,144.0,144.0,42.5,42.5,42.5,14.2,68.7,746.9,88.65,4950.0,0.0
64739,144.0,144.0,144.0,42.5,42.5,42.5,14.2,70.0,746.9,88.65,4950.0,0.0
64799,144.0,144.0,144.0,42.5,42.5,42.5,14.2,69.5,746.9,88.65,4950.0,0.0
64859,144.0,144.0,144.0,42.5,42.5,42.5,14.2,69.1,746.9,88.65,4950.0,0.0
64919,144.0,144.0,144.0,42.5,42.5,42.5,14.2,69.2,746.9,88.65,4950.0,0.0
64979,144.0,144.0,144.0,42.5,42.5,42.5,14.2,67.5,746.8,88.65,4950.0,0.0
65039,144.0,144.0,144.0,42.5,42.5,42.5,14.2,68.2,746.8,88.65,4950.0,0.0
65099,144.0,144.0,144.0,42.5,42.5,42.5,14.2,69.0,746.8,88.65,4950.0,0.0
65159,144.0,144.0,144.0,42.5,42.5,42.5,14.2,69.0,746.8,88.65,4950.0,0.0
65219,144.0,144.0,144.0,42.5,42.5,42.5,14.2,66.5,746.8,88.65,4950.0,0.0
65279,144.0,144.0,144.0,42.5,42.5,42.5,14.3,67.3,746.8,88.65,4950.0,0.0
65339,144.0,144.0,144.0,42.5,42.5,42.5,14.3,67.4,746.7,88.65,4950.0,0.0
65399,144.0,144.0,144.0,42.5,42.5,42.5,14.4,65.6,746.7,88.65,4950.0,0.0
65459,144.0,144.0,144.0,42.5,42.5,42.5,14.4,64.4,746.6,88.65,4950.0,0.0
65519,144.0,144.0,144.0,42.5,42.5,42.5,14.5,63.4,746.7,88.65,4950.0,0.0
65579,144.0,144.0,144.0,42.5,42.5,42.5,14.5,63.6,746.7,88.65,4950.0,0.0
65639,144.0,144.0,144.0,42.5,42.5,42.5,14.6,65.7,746.7,88.65,4950.0,0.0
65699,144.0,144.0,144.0,42.5,42.5,42.5,14.6,65.1,746.8,88.65,4950.0,0.0
65759,144.0,144.0,144.0,42.5,42.5,42.5,14.6,64.6,746.8,88.65,4950.0,0.0
65819,144.0,144.0,144.0,42.5,42.5,42.5,14.6,64.9,746.8,88.65,4950.0,0.0
65879,144.0,144.0,144.0,42.5,42.5,42.5,14.6,64.7,746.8,88.65,4950.0,0.0
65939,144.0,144.0,144.0,42.5,42.5,42.5,14.6,65.2,746.8,88.65,4950.0,0.0
65999,144.0,144.0,144.0,42.5,42.5,42.5,14.6,65.6,746.8,88.65,4950.0,0.0
66059,144.0,144.0,144.0,42.5,42.5,42.5,14.6,64.8,746.8,88.65,4950.0,0.0
66119,144.0,144.0,144.0,42.5,42.5,42.5,14.6,65.1,746.8,88.65,4950.0,0.0
66179,144.0,144.0,144.0,42.5,42.5,42.5,14.7,64.0,746.8,88.65,4950.0,0.0
66239,144.0,144.0,144.0,42.5,42.5,42.5,14.7,64.0,746.8,88.65,4950.0,0.0
66299,144.0,144.0,144.0,42.5,42.5,42.5,14.7,64.5,746.8,88.65,4950.0,0.0
66359,144.0,144.0,144.0,42.5,42.5,42.5,14.8,61.9,746.7,88.65,4950.0,0.0
66419,144.0,144.0,144.0,42.5,42.5,42.5,14.8,62.9,746.8,88.65,4950.0,0.0
66479,144.0,144.0,144.0,42.5,42.5,42.5,14.8,63.3,746.7,88.65,4950.0,0.0
66539,144.0,144.0,144.0,42.5,42.5,42.5,14.7,63.7,746.8,88.65,4950.0,0.0
66599,144.0,144.0,144.0,42.5,42.5,42.5,14.8,63.1,746.8,88.65,4950.0,0.0
66659,144.0,144.0,144.0,42.5,42.5,42.5,14.8,64.3,746.8,88.65,4950.0,0.0
66719,144.0,144.0,144.0,42.5,42.5,42.5,14.8,62.6,746.7,88.65,4950.0,0.0
66779,144.0,144.0,144.0,42.5,42.5,42.5,14.8,61.3,746.8,88.65,4950.0,0.0
66839,144.0,144.0,144.0,42.5,42.5,42.5,14.8,62.4,746.8,88.65,4950.0,0.0
66899,144.0,144.0,144.0,42.5,42.5,42.5,14.8,61.6,746.8,88.65,4950.0,0.0
66959,144.0,144.0,144.0,42.5,42.5,42.5,14.8,60.2,746.8,88.65,4950.0,0.0
67019,144.0,144.0,144.0,42.5,42.5,42.5,14.7,62.3,746.9,88.65,4950.0,0.0
67079,144.0,144.0,144.0,42.5,42.5,42.5,14.7,60.9,746.9,88.65,4950.0,0.0
67139,144.0,144.0,144.0,42.5,42.5,42.5,14.7,61.7,746.9,88.65,4950.0,0.0
67199,144.0,144.0,144.0,42.5,42.5,42.5,14.7,61.1,746.9,88.65,4950.0,0.0
67259,144.0,144.0,144.0,42.5,42.5,42.5,14.7,61.8,746.9,88.65,4950.0,0.0
67319,144.0,144.0,144.0,42.5,42.5,42.5,14.7,61.0,746.9,88.65,4950.0,0.0
67379,144.0,144.0,144.0,42.5,42.5,42.5,14.7,60.7,746.9,88.65,4950.0,0.0
67439,144.0,144.0,144.0,42.5,42.5,42.5,14.7,61.7,746.9,88.65,4950.0,0.0
67499,144.0,144.0,144.0,42.5,42.5,42.5,14.7,61.0,746.9,88.65,4950.0,0.0
67559,144.0,144.0,144.0,42.5,42.5,42.5,14.7,61.3,746.9,88.65,4950.0,0.0
67619,144.0,144.0,144.0,42.5,42.5,42.5,14.7,61.5,746.9,88.65,4950.0,0.0
67679,144.0,144.0,144.0,42.5,42.5,42.5,14.6,61.2,747.0,88.65,4950.0,0.0
67739,144.0,144.0,144.0,42.5,42.5,42.5,14.6,61.4,747.0,88.65,4950.0,0.0
67799,144.0,144.0,144.0,42.5,42.5,42.5,14.6,61.4,746.9,88.65,4950.0,0.0
67859,144.0,144.0,144.0,42.5,42.5,42.5,14.6,61.4,747.0,88.65,4950.0,0.0
67919,144.0,144.0,144.0,42.5,42.5,42.5,14.6,61.4,746.9,88.65,4950.0,0.0
67979,144.0,144.0,144.0,42.5,42.5,42.5,14.6,61.7,747.0,88.65,4950.0,0.0
68039,144.0,144.0,144.0,42.5,42.5,42.5,14.6,62.1,747.0,88.65,4950.0,0.0
68099,144.0,144.0,144.0,42.5,42.5,42.5,14.5,62.3,746.9,88.65,4950.0,0.0
68159,144.0,144.0,144.0,42.5,42.5,42.5,14.5,61.9,746.9,88.65,4950.0,0.0
68219,144.0,144.0,144.0,42.5,42.5,42.5,14.5,62.2,746.9,88.65,4950.0,0.0
68279,144.0,144.0,144.0,42.5,42.5,42.5,14.5,62.2,746.9,88.65,4950.0,0.0
68339,144.0,144.0,144.0,42.5,42.5,42.5,14.5,62.3,746.9,88.65,4950.0,0.0
68399,144.0,144.0,144.0,42.5,42.5,42.5,14.5,62.1,746.9,88.65,4950.0,0.0
68459,144.0,144.0,144.0,42.5,42.5,42.5,14.4,62.9,746.9,88.65,4950.0,0.0
68519,144.0,144.0,144.0,42.5,42.5,42.5,14.4,63.3,746.9,88.65,4950.0,0.0
68579,144.0,144.0,144.0,42.5,42.5,42.5,14.4,64.0,746.9,88.65,4950.0,0.0
68639,144.0,144.0,144.0,42.5,42.5,42.5,14.4,63.7,746.9,88.65,4950.0,0.0
68699,144.0,144.0,144.0,42.5,42.5,42.5,14.4,61.7,746.9,88.65,4950.0,0.0
68759,144.0,144.0,144.0,42.5,42.5,42.5,14.4,63.4,746.9,88.65,4950.0,0.0
68819,144.0,144.0,144.0,42.5,42.5,42.5,14.4,63.6,746.9,88.65,4950.0,0.0
68879,144.0,144.0,144.0,42.5,42.5,42.5,14.3,63.4,746.9,88.65,4950.0,0.0
68939,144.0,144.0,144.0,42.5,42.5,42.5,14.3,61.9,746.9,88.65,4950.0,0.0
68999,144.0,144.0,144.0,42.5,42.5,42.5,14.4,63.1,746.9,88.65,4950.0,0.0
69059,144.0,144.0,144.0,42.5,42.5,42.5,14.4,60.4,746.9,88.65,4950.0,0.0
69119,144.0,144.0,144.0,42.5,42.5,42.5,14.4,57.4,746.9,88.65,4950.0,0.0
69179,144.0,144.0,144.0,42.5,42.5,42.5,14.5,61.6,746.9,88.65,4950.0,0.0
69239,144.0,144.0,144.0,42.5,42.5,42.5,14.5,60.6,746.9,88.65,4950.0,0.0
69299,144.0,144.0,144.0,42.5,42.5,42.5,14.5,63.8,746.9,88.65,4950.0,0.0
69359,144.0,144.0,144.0,42.5,42.5,42.5,14.4,57.0,746.9,88.65,4950.0,0.0
69419,144.0,144.0,144.0,42.5,42.5,42.5,14.4,64.5,746.9,88.65,4950.0,0.0
69479,144.0,144.0,144.0,42.5,42.5,42.5,14.4,57.0,746.9,88.65,4950.0,0.0
69539,144.0,144.0,144.0,42.5,42.5,42.5,14.5,58.8,746.9,88.65,4950.0,0.0
69599,144.0,144.0,144.0,42.5,42.5,42.5,14.6,59.7,746.9,88.65,4950.0,0.0
69659,144.0,144.0,144.0,42.5,42.5,42.5,14.6,54.7,746.9,88.65,4950.0,0.0
69719,144.0,144.0,144.0,42.5,42.5,42.5,14.6,57.4,746.9,88.65,4950.0,0.0
69779,144.0,144.0,144.0,42.5,42.5,42.5,14.6,54.3,746.9,88.65,4950.0,0.0
69839,144.0,144.0,144.0,42.5,42.5,42.5,14.7,53.6,746.9,88.65,4950.0,0.0
69899,144.0,144.0,144.0,42.5,42.5,42.5,14.8,52.8,746.9,88.65,4950.0,0.0
69959,144.0,144.0,144.0,42.5,42.5,42.5,14.8,56.4,746.9,88.65,4950.0,0.0
70019,144.0,144.0,144.0,42.5,42.5,42.5,14.8,53.4,746.9,88.65,4950.0,0.0
70079,144.0,144.0,144.0,42.5,42.5,42.5,14.8,53.7,746.9,88.65,4950.0,0.0
70139,144.0,144.0,144.0,42.5,42.5,42.5,14.8,53.6,746.9,88.65,4950.0,0.0
70199,144.0,144.0,144.0,42.5,42.5,42.5,14.8,55.2,746.9,88.65,4950.0,0.0
70259,144.0,144.0,144.0,42.5,42.5,42.5,14.8,54.0,747.0,88.65,4950.0,0.0
70319,144.0,144.0,144.0,42.5,42.5,42.5,14.8,54.1,747.0,88.65,4950.0,0.0
70379,144.0,144.0,144.0,42.5,42.5,42.5,14.8,54.5,747.0,88.65,4950.0,0.0
70439,144.0,144.0,144.0,42.5,42.5,42.5,14.8,53.8,747.0,88.65,4950.0,0.0
70499,144.0,144.0,144.0,42.5,42.5,42.5,14.8,53.5,747.0,88.65,4950.0,0.0
70559,144.0,144.0,144.0,42.5,42.5,42.5,14.8,53.6,747.0,88.65,4950.0,0.0
70619,144.0,144.0,144.0,42.5,42.5,42.5,14.8,52.5,747.0,88.65,4950.0,0.0
70679,144.0,144.0,144.0,42.5,42.5,42.5,14.8,52.3,747.0,88.65,4950.0,0.0
70739,144.0,144.0,144.0,42.5,42.5,42.5,14.8,52.1,747.0,88.65,4950.0,0.0
70799,144.0,144.0,144.0,42.5,42.5,42.5,14.8,51.9,747.0,88.65,4950.0,0.0
70859,144.0,144.0,144.0,42.5,42.5,42.5,14.8,52.1,747.0,88.65,4950.0,0.0
70919,144.0,144.0,144.0,42.5,42.5,42.5,14.8,51.8,747.0,88.65,4950.0,0.0
70979,144.0,144.0,144.0,42.5,42.5,42.5,14.8,52.1,747.0,88.65,4950.0,0.0
71039,144.0,144.0,144.0,42.5,42.5,42.5,14.8,52.1,747.0,88.65,4950.0,0.0
71099,144.0,144.0,144.0,42.5,42.5,42.5,14.9,53.1,747.0,88.65,4950.0,0.0
71159,144.0,144.0,144.0,42.5,42.5,42.5,14.8,52.2,747.0,88.65,4950.0,0.0
71219,144.0,144.0,144.0,42.5,42.5,42.5,14.9,52.7,747.0,88.65,4950.0,0.0
71279,144.0,144.0,144.0,42.5,42.5,42.5,14.8,52.6,747.0,88.65,4950.0,0.0
71339,144.0,144.0,144.0,42.5,42.5,42.5,14.8,51.9,747.0,88.65,4950.0,0.0
71399,144.0,144.0,144.0,42.5,42.5,42.5,14.8,51.2,747.0,88.65,4950.0,0.0
71459,144.0,144.0,144.0,42.5,42.5,42.5,14.8,39.5,747.0,88.65,4950.0,0.0
71519,144.0,144.0,144.0,42.5,42.5,42.5,15.0,44.8,747.0,88.65,4950.0,0.0
71579,144.0,144.0,144.0,42.5,42.5,42.5,15.3,35.2,747.1,88.65,4950.0,0.0
71639,144.0,144.0,144.0,42.5,42.5,42.5,15.5,39.5,747.1,88.65,4950.0,0.0
71699,144.0,144.0,144.0,42.5,42.5,42.5,15.7,36.0,747.1,88.65,4950.0,0.0
71759,144.0,144.0,144.0,42.5,42.5,42.5,15.6,35.0,747.1,88.65,4950.0,0.0
71819,144.0,144.0,144.0,42.5,42.5,42.5,15.6,49.9,747.1,88.65,4950.0,0.0
71879,144.0,144.0,144.0,42.5,42.5,42.5,15.4,49.4,747.2,88.65,4950.0,0.0
71939,144.0,144.0,144.0,42.5,42.5,42.5,15.3,50.4,747.2,88.65,4950.0,0.0
71999,144.0,144.0,144.0,42.5,42.5,42.5,15.1,50.7,747.2,88.65,4950.0,0.0
72059,144.0,144.0,144.0,42.5,42.5,42.5,15.0,51.0,747.2,88.65,4950.0,0.0
72119,144.0,144.0,144.0,42.5,42.5,42.5,14.9,51.2,747.2,88.65,4950.0,0.0
72179,144.0,144.0,144.0,42.5,42.5,42.5,14.9,51.4,747.2,88.65,4950.0,0.0
72239,144.0,144.0,144.0,42.5,42.5,42.5,14.9,48.1,747.2,88.65,4950.0,0.0
72299,144.0,144.0,144.0,42.5,42.5,42.5,14.9,44.7,747.2,88.65,4950.0,0.0
72359,144.0,144.0,144.0,42.5,42.5,42.5,15.1,42.4,747.2,88.65,4950.0,0.0
72419,144.0,144.0,144.0,42.5,42.5,42.5,15.2,32.5,747.2,88.65,4950.0,0.0
72479,144.0,144.0,144.0,42.5,42.5,42.5,15.5,30.9,747.2,88.65,4950.0,0.0
72539,144.0,144.0,144.0,42.5,42.5,42.5,15.7,30.2,747.2,88.65,4950.0,0.0
72599,144.0,144.0,144.0,42.5,42.5,42.5,15.9,26.7,747.2,88.65,4950.0,0.0
72659,144.0,144.0,144.0,42.5,42.5,42.5,16.0,27.0,747.2,88.65,4950.0,0.0
72719,144.0,144.0,144.0,42.5,42.5,42.5,16.1,29.5,747.2,88.65,4950.0,0.0
72779,144.0,144.0,144.0,42.5,42.5,42.5,16.1,29.3,747.3,88.65,4950.0,0.0
72839,144.0,144.0,144.0,42.5,42.5,42.5,16.1,28.3,747.3,88.65,4950.0,0.0
72899,144.0,144.0,144.0,42.5,42.5,42.5,16.1,30.3,747.3,88.65,4950.0,0.0
72959,144.0,144.0,144.0,42.5,42.5,42.5,16.1,27.8,747.3,88.65,4950.0,0.0
73019,144.0,144.0,144.0,42.5,42.5,42.5,16.1,27.3,747.3,88.65,4950.0,0.0
73079,144.0,144.0,144.0,42.5,42.5,42.5,16.1,26.5,747.3,88.65,4950.0,0.0
73139,144.0,144.0,144.0,42.5,42.5,42.5,16.1,25.2,747.3,88.65,4950.0,0.0
73199,144.0,144.0,144.0,42.5,42.5,42.5,16.1,26.1,747.3,88.65,4950.0,0.0
73259,144.0,144.0,144.0,42.5,42.5,42.5,16.1,27.4,747.3,88.65,4950.0,0.0
73319,144.0,144.0,144.0,42.5,42.5,42.5,16.1,29.4,747.3,88.65,4950.0,0.0
73379,144.0,144.0,144.0,42.5,42.5,42.5,16.1,29.4,747.3,88.65,4950.0,0.0
73439,144.0,144.0,144.0,42.5,42.5,42.5,16.1,30.0,747.3,88.65,4950.0,0.0
73499,144.0,144.0,144.0,42.5,42.5,42.5,16.1,29.2,747.3,88.65,4950.0,0.0
73559,144.0,144.0,144.0,42.5,42.5,42.5,16.1,26.7,747.4,88.65,4950.0,0.0
73619,144.0,144.0,144.0,42.5,42.5,42.5,16.1,25.4,747.4,88.65,4950.0,0.0
73679,144.0,144.0,144.0,42.5,42.5,42.5,16.1,25.2,747.4,88.65,4950.0,0.0
73739,144.0,144.0,144.0,42.5,42.5,42.5,16.2,23.5,747.4,88.65,4950.0,0.0
73799,144.0,144.0,144.0,42.5,42.5,42.5,16.2,23.8,747.4,88.65,4950.0,0.0
73859,144.0,144.0,144.0,42.5,42.5,42.5,16.2,21.8,747.4,88.65,4950.0,0.0
73919,144.0,144.0,144.0,42.5,42.5,42.5,16.3,21.2,747.4,88.65,4950.0,0.0
73979,144.0,144.0,144.0,42.5,42.5,42.5,16.3,21.5,747.4,88.65,4950.0,0.0
74039,144.0,144.0,144.0,42.5,42.5,42.5,16.3,21.1,747.4,88.65,4950.0,0.0
74099,144.0,144.0,144.0,42.5,42.5,42.5,16.3,20.5,747.4,88.65,4950.0,0.0
74159,144.0,144.0,144.0,42.5,42.5,42.5,16.4,20.9,747.4,88.65,4950.0,0.0
74219,144.0,144.0,144.0,42.5,42.5,42.5,16.4,20.5,747.4,88.65,4950.0,0.0
74279,144.0,144.0,144.0,42.5,42.5,42.5,16.4,21.7,747.4,88.65,4950.0,0.0
74339,144.0,144.0,144.0,42.5,42.5,42.5,16.4,22.9,747.4,88.65,4950.0,0.0
74399,144.0,144.0,144.0,42.5,42.5,42.5,16.3,22.2,747.4,88.65,4950.0,0.0
74459,144.0,144.0,144.0,42.5,42.5,42.5,16.3,22.0,747.4,88.65,4950.0,0.0
74519,144.0,144.0,144.0,42.5,42.5,42.5,16.3,22.0,747.4,88.65,4950.0,0.0
74579,144.0,144.0,144.0,42.5,42.5,42.5,16.3,21.6,747.4,88.65,4950.0,0.0
74639,144.0,144.0,144.0,42.5,42.5,42.5,16.3,21.7,747.4,88.65,4950.0,0.0
74699,144.0,144.0,144.0,42.5,42.5,42.5,16.3,21.6,747.4,88.65,4950.0,0.0
74759,144.0,144.0,144.0,42.5,42.5,42.5,16.3,21.6,747.4,88.65,4950.0,0.0
74819,144.0,144.0,144.0,42.5,42.5,42.5,16.3,22.0,747.4,88.65,4950.0,0.0
74879,144.0,144.0,144.0,42.5,42.5,42.5,16.3,22.7,747.4,88.65,4950.0,0.0
74939,144.0,144.0,144.0,42.5,42.5,42.5,16.3,23.7,747.5,88.65,4950.0,0.0
74999,144.0,144.0,144.0,42.5,42.5,42.5,16.2,22.4,747.5,88.65,4950.0,0.0
75059,144.0,144.0,144.0,42.5,42.5,42.5,16.2,23.8,747.5,88.65,4950.0,0.0
75119,144.0,144.0,144.0,42.5,42.5,42.5,16.2,23.3,747.5,88.65,4950.0,0.0
75179,144.0,144.0,144.0,42.5,42.5,42.5,16.2,25.8,747.5,88.65,4950.0,0.0
75239,144.0,144.0,144.0,42.5,42.5,42.5,16.1,24.9,747.5,88.65,4950.0,0.0
75299,144.0,144.0,144.0,42.5,42.5,42.5,16.1,24.8,747.5,88.65,4950.0,0.0
75359,144.0,144.0,144.0,42.5,42.5,42.5,16.1,25.1,747.5,88.65,4950.0,0.0
75419,144.0,144.0,144.0,42.5,42.5,42.5,16.1,26.0,747.5,88.65,4950.0,0.0
75479,144.0,144.0,144.0,42.5,42.5,42.5,16.1,26.4,747.5,88.65,4950.0,0.0
75539,144.0,144.0,144.0,42.5,42.5,42.5,16.1,25.7,747.6,88.65,4950.0,0.0
75599,144.0,144.0,144.0,42.5,42.5,42.5,16.0,26.9,747.6,88.65,4950.0,0.0
75659,144.0,144.0,144.0,42.5,42.5,42.5,16.0,25.7,747.6,88.65,4950.0,0.0
75719,144.0,144.0,144.0,42.5,42.5,42.5,16.0,25.5,747.6,88.65,4950.0,0.0
75779,144.0,144.0,144.0,42.5,42.5,42.5,16.0,24.1,747.6,88.65,4950.0,0.0
75839,144.0,144.0,144.0,42.5,42.5,42.5,16.1,22.8,747.6,88.65,4950.0,0.0
75899,144.0,144.0,144.0,42.5,42.5,42.5,16.1,23.3,747.6,88.65,4950.0,0.0
75959,144.0,144.0,144.0,42.5,42.5,42.5,16.1,24.6,747.6,88.65,4950.0,0.0
76019,144.0,144.0,144.0,42.5,42.5,42.5,16.1,29.3,747.6,88.65,4950.0,0.0
76079,144.0,144.0,144.0,42.5,42.5,42.5,16.1,32.0,747.6,88.65,4950.0,0.0
76139,144.0,144.0,144.0,42.5,42.5,42.5,15.9,32.9,747.6,88.65,4950.0,0.0
76199,144.0,144.0,144.0,42.5,42.5,42.5,15.8,26.5,747.6,88.65,4950.0,0.0
76259,144.0,144.0,144.0,42.5,42.5,42.5,15.8,25.4,747.6,88.65,4950.0,0.0
76319,144.0,144.0,144.0,42.5,42.5,42.5,15.9,36.0,747.6,88.65,4950.0,0.0
76380,144.0,144.0,144.0,42.5,42.5,42.5,15.9,25.4,747.6,88.65,4950.0,0.0
76439,144.0,144.0,144.0,42.5,42.5,42.5,15.9,25.8,747.6,88.65,4950.0,0.0
76499,144.0,144.0,144.0,42.5,42.5,42.5,15.9,25.2,747.7,88.65,4950.0,0.0
76559,144.0,144.0,144.0,42.5,42.5,42.5,15.9,24.0,747.7,88.65,4950.0,0.0
76619,144.0,144.0,144.0,42.5,42.5,42.5,16.0,24.1,747.7,88.65,4950.0,0.0
76679,144.0,144.0,144.0,42.5,42.5,42.5,16.0,25.2,747.7,88.65,4950.0,0.0
76739,144.0,144.0,144.0,42.5,42.5,42.5,16.0,27.7,747.7,88.65,4950.0,0.0
76799,144.0,144.0,144.0,42.5,42.5,42.5,15.9,24.3,747.7,88.65,4950.0,0.0
76859,144.0,144.0,144.0,42.5,42.5,42.5,15.9,25.6,747.7,88.65,4950.0,0.0
76919,144.0,144.0,144.0,42.5,42.5,42.5,16.0,31.1,747.7,88.65,4950.0,0.0
76979,144.0,144.0,144.0,42.5,42.5,42.5,15.9,24.3,747.7,88.65,4950.0,0.0
77039,144.0,144.0,144.0,42.5,42.5,42.5,16.0,35.8,747.7,88.65,4950.0,0.0
77099,144.0,144.0,144.0,42.5,42.5,42.5,15.9,29.3,747.7,88.65,4950.0,0.0
77159,144.0,144.0,144.0,42.5,42.5,42.5,15.8,24.6,747.7,88.65,4950.0,0.0
77219,144.0,144.0,144.0,42.5,42.5,42.5,15.8,23.0,747.7,88.65,4950.0,0.0
77279,144.0,144.0,144.0,42.5,42.5,42.5,15.9,33.7,747.7,88.65,4950.0,0.0
77339,144.0,144.0,144.0,42.5,42.5,42.5,15.8,23.3,747.7,88.65,4950.0,0.0
77399,144.0,144.0,144.0,42.5,42.5,42.5,15.9,21.9,747.7,88.65,4950.0,0.0
77459,144.0,144.0,144.0,42.5,42.5,42.5,16.0,22.9,747.8,88.65,4950.0,0.0
77519,144.0,144.0,144.0,42.5,42.5,42.5,16.0,27.0,747.8,88.65,4950.0,0.0
77579,144.0,144.0,144.0,42.5,42.5,42.5,16.0,22.7,747.8,88.65,4950.0,0.0
77639,144.0,144.0,144.0,42.5,42.5,42.5,16.0,30.3,747.8,88.65,4950.0,0.0
77699,144.0,144.0,144.0,42.5,42.5,42.5,16.0,31.3,747.8,88.65,4950.0,0.0
77759,144.0,144.0,144.0,42.5,42.5,42.5,15.9,24.9,747.8,88.65,4950.0,0.0
77819,144.0,144.0,144.0,42.5,42.5,42.5,15.9,23.9,747.8,88.65,4950.0,0.0
77879,144.0,144.0,144.0,42.5,42.5,42.5,15.9,23.4,747.8,88.65,4950.0,0.0
77939,144.0,144.0,144.0,42.5,42.5,42.5,16.0,23.9,747.8,88.65,4950.0,0.0
77999,144.0,144.0,144.0,42.5,42.5,42.5,16.0,23.2,747.8,88.65,4950.0,0.0
78059,144.0,144.0,144.0,42.5,42.5,42.5,16.0,22.9,747.8,88.65,4950.0,0.0
78119,144.0,144.0,144.0,42.5,42.5,42.5,16.0,28.3,747.8,88.65,4950.0,0.0
78179,144.0,144.0,144.0,42.5,42.5,42.5,16.0,26.4,747.8,88.65,4950.0,0.0
78239,144.0,144.0,144.0,42.5,42.5,42.5,15.9,24.9,747.8,88.65,4950.0,0.0
78299,144.0,144.0,144.0,42.5,42.5,42.5,16.0,24.9,747.8,88.65,4950.0,0.0
78359,144.0,144.0,144.0,42.5,42.5,42.5,16.0,23.7,747.8,88.65,4950.0,0.0
78419,144.0,144.0,144.0,42.5,42.5,42.5,16.0,24.4,747.8,88.65,4950.0,0.0
78479,144.0,144.0,144.0,42.5,42.5,42.5,16.0,23.2,747.9,88.65,4950.0,0.0
78539,144.0,144.0,144.0,42.5,42.5,42.5,16.1,24.3,747.9,88.65,4950.0,0.0
78599,144.0,144.0,144.0,42.5,42.5,42.5,16.1,26.6,747.9,88.65,4950.0,0.0
78659,144.0,144.0,144.0,42.5,42.5,42.5,16.1,22.5,747.9,88.65,4950.0,0.0
78719,144.0,144.0,144.0,42.5,42.5,42.5,16.1,23.4,747.9,88.65,4950.0,0.0
78779,144.0,144.0,144.0,42.5,42.5,42.5,16.1,22.8,747.8,88.65,4950.0,0.0
78839,144.0,144.0,144.0,42.5,42.5,42.5,16.1,22.8,747.8,88.65,4950.0,0.0
78899,144.0,144.0,144.0,42.5,42.5,42.5,16.1,22.4,747.8,88.65,4950.0,0.0
78959,144.0,144.0,144.0,42.5,42.5,42.5,16.1,23.3,747.9,88.65,4950.0,0.0
79019,144.0,144.0,144.0,42.5,42.5,42.5,16.1,25.1,747.8,88.65,4950.0,0.0
79079,144.0,144.0,144.0,42.5,42.5,42.5,16.1,22.7,747.8,88.65,4950.0,0.0
79139,144.0,144.0,144.0,42.5,42.5,42.5,16.1,24.7,747.8,88.65,4950.0,0.0
79199,144.0,144.0,144.0,42.5,42.5,42.5,16.1,22.4,747.8,88.65,4950.0,0.0
79259,144.0,144.0,144.0,42.5,42.5,42.5,16.1,27.0,747.8,88.65,4950.0,0.0
79319,144.0,144.0,144.0,42.5,42.5,42.5,16.1,24.0,747.8,88.65,4950.0,0.0
79379,144.0,144.0,144.0,42.5,42.5,42.5,16.0,23.5,747.8,88.65,4950.0,0.0
79439,144.0,144.0,144.0,42.5,42.5,42.5,16.0,23.1,747.8,88.65,4950.0,0.0
79499,144.0,144.0,144.0,42.5,42.5,42.5,16.0,22.5,747.8,88.65,4950.0,0.0
79559,144.0,144.0,144.0,42.5,42.5,42.5,16.1,22.5,747.8,88.65,4950.0,0.0
79619,144.0,144.0,144.0,42.5,42.5,42.5,16.1,22.5,747.8,88.65,4950.0,0.0
79679,144.0,144.0,144.0,42.5,42.5,42.5,16.1,24.3,747.8,88.65,4950.0,0.0
79739,144.0,144.0,144.0,42.5,42.5,42.5,16.1,23.7,747.8,88.65,4950.0,0.0
79799,144.0,144.0,144.0,42.5,42.5,42.5,16.0,23.8,747.7,88.65,4950.0,0.0
79859,144.0,144.0,144.0,42.5,42.5,42.5,16.0,24.2,747.7,88.65,4950.0,0.0
79919,144.0,144.0,144.0,42.5,42.5,42.5,16.0,24.1,747.8,88.65,4950.0,0.0
79979,144.0,144.0,144.0,42.5,42.5,42.5,15.9,24.0,747.8,88.65,4950.0,0.0
80039,144.0,144.0,144.0,42.5,42.5,42.5,15.9,23.6,747.8,88.65,4950.0,0.0
80099,144.0,144.0,144.0,42.5,42.5,42.5,15.9,24.2,747.8,88.65,4950.0,0.0
80159,144.0,144.0,144.0,42.5,42.5,42.5,15.9,24.5,747.7,88.65,4950.0,0.0
80219,144.0,144.0,144.0,42.5,42.5,42.5,15.9,24.4,747.7,88.65,4950.0,0.0
80279,144.0,144.0,144.0,42.5,42.5,42.5,15.9,24.9,747.7,88.65,4950.0,0.0
80339,144.0,144.0,144.0,42.5,42.5,42.5,15.9,25.0,747.7,88.65,4950.0,0.0
80399,144.0,144.0,144.0,42.5,42.5,42.5,15.8,24.9,747.7,88.65,4950.0,0.0
80459,144.0,144.0,144.0,42.5,42.5,42.5,15.8,26.1,747.7,88.65,4950.0,0.0
80519,144.0,144.0,144.0,42.5,42.5,42.5,15.8,28.9,747.7,88.65,4950.0,0.0
80579,144.0,144.0,144.0,42.5,42.5,42.5,15.7,36.0,747.7,88.65,4950.0,0.0
80639,144.0,144.0,144.0,42.5,42.5,42.5,15.6,35.6,747.7,88.65,4950.0,0.0
80699,144.0,144.0,144.0,42.5,42.5,42.5,15.5,35.2,747.7,88.65,4950.0,0.0
80759,144.0,144.0,144.0,42.5,42.5,42.5,15.5,35.7,747.7,88.65,4950.0,0.0
80819,144.0,144.0,144.0,42.5,42.5,42.5,15.3,27.4,747.7,88.65,4950.0,0.0
80879,144.0,144.0,144.0,42.5,42.5,42.5,15.3,27.1,747.7,88.65,4950.0,0.0
80939,144.0,144.0,144.0,42.5,42.5,42.5,15.3,26.4,747.7,88.65,4950.0,0.0
80999,144.0,144.0,144.0,42.5,42.5,42.5,15.3,25.9,747.7,88.65,4950.0,0.0
81059,144.0,144.0,144.0,42.5,42.5,42.5,15.4,26.0,747.7,88.65,4950.0,0.0
81119,144.0,144.0,144.0,42.5,42.5,42.5,15.4,26.0,747.7,88.65,4950.0,0.0
81179,144.0,144.0,144.0,42.5,42.5,42.5,15.5,26.1,747.7,88.65,4950.0,0.0
81239,144.0,144.0,144.0,42.5,42.5,42.5,15.5,26.2,747.7,88.65,4950.0,0.0
81299,144.0,144.0,144.0,42.5,42.5,42.5,15.6,26.0,747.7,88.65,4950.0,0.0
81359,144.0,144.0,144.0,42.5,42.5,42.5,15.6,26.2,747.6,88.65,4950.0,0.0
81419,144.0,144.0,144.0,42.5,42.5,42.5,15.6,26.5,747.6,88.65,4950.0,0.0
81479,144.0,144.0,144.0,42.5,42.5,42.5,15.7,26.5,747.7,88.65,4950.0,0.0
81539,144.0,144.0,144.0,42.5,42.5,42.5,15.7,26.5,747.7,88.65,4950.0,0.0
81599,144.0,144.0,144.0,42.5,42.5,42.5,15.7,26.6,747.7,88.65,4950.0,0.0
81659,144.0,144.0,144.0,42.5,42.5,42.5,15.7,26.6,747.7,88.65,4950.0,0.0
81719,144.0,144.0,144.0,42.5,42.5,42.5,15.7,26.4,747.6,88.65,4950.0,0.0
81779,144.0,144.0,144.0,42.5,42.5,42.5,15.7,26.5,747.7,88.65,4950.0,0.0
81839,144.0,144.0,144.0,42.5,42.5,42.5,15.7,25.9,747.7,88.65,4950.0,0.0
81899,144.0,144.0,144.0,42.5,42.5,42.5,15.7,25.6,747.7,88.65,4950.0,0.0
81959,144.0,144.0,144.0,42.5,42.5,42.5,15.7,24.4,747.7,88.65,4950.0,0.0
82019,144.0,144.0,144.0,42.5,42.5,42.5,15.7,22.2,747.6,88.65,4950.0,0.0
82079,144.0,144.0,144.0,42.5,42.5,42.5,15.8,22.8,747.7,88.65,4950.0,0.0
82139,144.0,144.0,144.0,42.5,42.5,42.5,15.9,22.8,747.7,88.65,4950.0,0.0
82199,144.0,144.0,144.0,42.5,42.5,42.5,16.0,22.4,747.6,88.65,4950.0,0.0
82259,144.0,144.0,144.0,42.5,42.5,42.5,16.0,23.1,747.7,88.65,4950.0,0.0
82319,144.0,144.0,144.0,42.5,42.5,42.5,16.1,24.7,747.7,88.65,4950.0,0.0
82379,144.0,144.0,144.0,42.5,42.5,42.5,16.0,25.4,747.7,88.65,4950.0,0.0
82439,144.0,144.0,144.0,42.5,42.5,42.5,16.0,25.4,747.7,88.65,4950.0,0.0
82499,144.0,144.0,144.0,42.5,42.5,42.5,16.0,25.4,747.7,88.65,4950.0,0.0
82559,144.0,144.0,144.0,42.5,42.5,42.5,15.9,31.2,747.6,88.65,4950.0,0.0
82619,144.0,144.0,144.0,42.5,42.5,42.5,15.8,26.6,747.7,88.65,4950.0,0.0
82679,144.0,144.0,144.0,42.5,42.5,42.5,15.8,26.7,747.7,88.65,4950.0,0.0
82739,144.0,144.0,144.0,42.5,42.5,42.5,15.8,26.9,747.7,88.65,4950.0,0.0
82799,144.0,144.0,144.0,42.5,42.5,42.5,15.7,26.6,747.7,88.65,4950.0,0.0
82859,144.0,144.0,144.0,42.5,42.5,42.5,15.7,26.7,747.7,88.65,4950.0,0.0
82919,144.0,144.0,144.0,42.5,42.5,42.5,15.7,27.0,747.7,88.65,4950.0,0.0
82979,144.0,144.0,144.0,42.5,42.5,42.5,15.7,28.3,747.7,88.65,4950.0,0.0
83039,144.0,144.0,144.0,42.5,42.5,42.5,15.7,29.3,747.7,88.65,4950.0,0.0
83099,144.0,144.0,144.0,42.5,42.5,42.5,15.6,29.4,747.7,88.65,4950.0,0.0
83159,144.0,144.0,144.0,42.5,42.5,42.5,15.6,27.7,747.7,88.65,4950.0,0.0
83219,144.0,144.0,144.0,42.5,42.5,42.5,15.6,27.1,747.7,88.65,4950.0,0.0
83279,144.0,144.0,144.0,42.5,42.5,42.5,15.6,26.9,747.7,88.65,4950.0,0.0
83339,144.0,144.0,144.0,42.5,42.5,42.5,15.6,27.0,747.7,88.65,4950.0,0.0
83399,144.0,144.0,144.0,42.5,42.5,42.5,15.7,26.8,747.7,88.65,4950.0,0.0
83459,144.0,144.0,144.0,42.5,42.5,42.5,15.7,26.5,747.7,88.65,4950.0,0.0
83519,144.0,144.0,144.0,42.5,42.5,42.5,15.7,26.5,747.7,88.65,4950.0,0.0
83579,144.0,144.0,144.0,42.5,42.5,42.5,15.7,26.9,747.7,88.65,4950.0,0.0
83639,144.0,144.0,144.0,42.5,42.5,42.5,15.7,26.1,747.6,88.65,4950.0,0.0
83699,144.0,144.0,144.0,42.5,42.5,42.5,15.8,26.1,747.6,88.65,4950.0,0.0
83759,144.0,144.0,144.0,42.5,42.5,42.5,15.8,25.6,747.6,88.65,4950.0,0.0
83819,144.0,144.0,144.0,42.5,42.5,42.5,15.8,25.3,747.6,88.65,4950.0,0.0
83879,144.0,144.0,144.0,42.5,42.5,42.5,15.8,24.6,747.6,88.65,4950.0,0.0
83939,144.0,144.0,144.0,42.5,42.5,42.5,15.9,24.4,747.6,88.65,4950.0,0.0
83999,144.0,144.0,144.0,42.5,42.5,42.5,15.9,24.0,747.6,88.65,4950.0,0.0
84059,144.0,144.0,144.0,42.5,42.5,42.5,15.9,23.7,747.6,88.65,4950.0,0.0
84119,144.0,144.0,144.0,42.5,42.5,42.5,15.9,23.7,747.6,88.65,4950.0,0.0
84179,144.0,144.0,144.0,42.5,42.5,42.5,16.0,23.5,747.6,88.65,4950.0,0.0
84239,144.0,144.0,144.0,42.5,42.5,42.5,16.0,23.9,747.6,88.65,4950.0,0.0
84299,144.0,144.0,144.0,42.5,42.5,42.5,16.0,23.8,747.6,88.65,4950.0,0.0
84359,144.0,144.0,144.0,42.5,42.5,42.5,16.0,24.2,747.6,88.65,4950.0,0.0
84419,144.0,144.0,144.0,42.5,42.5,42.5,16.0,24.1,747.6,88.65,4950.0,0.0
84479,144.0,144.0,144.0,42.5,42.5,42.5,16.0,24.1,747.7,88.65,4950.0,0.0
84539,144.0,144.0,144.0,42.5,42.5,42.5,16.0,25.3,747.6,88.65,4950.0,0.0
84599,144.0,144.0,144.0,42.5,42.5,42.5,16.0,25.8,747.6,88.65,4950.0,0.0
84659,144.0,144.0,144.0,42.5,42.5,42.5,16.0,27.3,747.7,88.65,4950.0,0.0
84719,144.0,144.0,144.0,42.5,42.5,42.5,16.0,27.0,747.7,88.65,4950.0,0.0
84779,144.0,144.0,144.0,42.5,42.5,42.5,16.0,27.3,747.7,88.65,4950.0,0.0
84839,144.0,144.0,144.0,42.5,42.5,42.5,16.0,27.7,747.7,88.65,4950.0,0.0
84899,144.0,144.0,144.0,42.5,42.5,42.5,16.0,28.0,747.7,88.65,4950.0,0.0
84959,144.0,144.0,144.0,42.5,42.5,42.5,16.0,27.9,747.7,88.65,4950.0,0.0
85019,144.0,144.0,144.0,42.5,42.5,42.5,16.0,27.8,747.7,88.65,4950.0,0.0
85079,144.0,144.0,144.0,42.5,42.5,42.5,16.0,27.7,747.7,88.65,4950.0,0.0
85139,144.0,144.0,144.0,42.5,42.5,42.5,16.0,28.0,747.7,88.65,4950.0,0.0
85199,144.0,144.0,144.0,42.5,42.5,42.5,15.9,27.6,747.7,88.65,4950.0,0.0
85259,144.0,144.0,144.0,42.5,42.5,42.5,15.9,27.5,747.7,88.65,4950.0,0.0
85319,144.0,144.0,144.0,42.5,42.5,42.5,15.9,28.1,747.7,88.65,4950.0,0.0
85379,144.0,144.0,144.0,42.5,42.5,42.5,15.9,27.7,747.7,88.65,4950.0,0.0
85439,144.0,144.0,144.0,42.5,42.5,42.5,15.9,28.3,747.7,88.65,4950.0,0.0
85499,144.0,144.0,144.0,42.5,42.5,42.5,15.9,27.8,747.7,88.65,4950.0,0.0
85559,144.0,144.0,144.0,42.5,42.5,42.5,15.8,27.3,747.7,88.65,4950.0,0.0
85619,144.0,144.0,144.0,42.5,42.5,42.5,15.8,29.4,747.7,88.65,4950.0,0.0
85679,144.0,144.0,144.0,42.5,42.5,42.5,15.8,28.0,747.7,88.65,4950.0,0.0
85739,144.0,144.0,144.0,42.5,42.5,42.5,15.7,28.0,747.7,88.65,4950.0,0.0
85799,144.0,144.0,144.0,42.5,42.5,42.5,15.7,28.4,747.7,88.65,4950.0,0.0
85859,144.0,144.0,144.0,42.5,42.5,42.5,15.7,28.2,747.7,88.65,4950.0,0.0
85919,144.0,144.0,144.0,42.5,42.5,42.5,15.7,28.6,747.7,88.65,4950.0,0.0
85979,144.0,144.0,144.0,42.5,42.5,42.5,15.7,28.8,747.7,88.65,4950.0,0.0
86039,144.0,144.0,144.0,42.5,42.5,42.5,15.6,28.2,747.7,88.65,4950.0,0.0
86099,144.0,144.0,144.0,42.5,42.5,42.5,15.6,31.7,747.7,88.65,4950.0,0.0
86159,144.0,144.0,144.0,42.5,42.5,42.5,15.6,27.7,747.7,88.65,4950.0,0.0
86219,144.0,144.0,144.0,42.5,42.5,42.5,15.6,27.7,747.7,88.65,4950.0,0.0
86279,144.0,144.0,144.0,42.5,42.5,42.5,15.6,27.5,747.7,88.65,4950.0,0.0
86339,144.0,144.0,144.0,42.5,42.5,42.5,15.6,31.4,747.7,88.65,4950.0,0.0
